0,0,0,0,0,0
0,0,0,0,0,-0
2.2204e-016,-1.6653e-016,-1.1102e-016,-33.693,0,0
0,0,0,0,0,-0
-0.10678,-7.2164e-016,9.992e-016,-35.84,0,0
0,0,0,0,0,-0
-0.22104,0.018204,-0.08398,-12.232,-4.1723,0
0,0,0,0,0,-0
-0.36075,0.055805,-0.1877,-16.559,-10.681,0
0,0,0,0,0,-0
-0.5432,0.10431,-0.29379,-19.548,-20.016,0
0,0,0,0,0,-0
-0.78882,0.15235,-0.40536,-20.6,-35.362,0
0,0,0,0,0,-0
-1.1241,0.19678,-0.52875,-20.415,-64.021,0
4.4409e-016,0,0,0,0,-0
-1.5861,0.24485,-0.67351,-19.98,-104.64,0
0,0,0,0,0,-0
-2.2286,0.30855,-0.85484,-19.848,-132.4,0
4.4409e-016,0,0,0,0,-0
-3.1301,0.40031,-1.0956,-20.072,-146.04,0
0,0,0,0,0,-0
-4.407,0.53299,-1.4302,-20.441,-153.11,0
8.8818e-016,0,0,0,0,-0
-6.2391,0.72168,-1.9077,-20.723,-157.16,0
0,0,0,0,0,-0
-8.9159,0.98106,-2.5797,-20.823,-159.85,0
8.8818e-016,0,0,0,0,-0
-12.855,1.3012,-3.4063,-20.908,-162.36,0
-8.8818e-016,0,0,0,0,-0
-18.315,1.6549,-4.2394,-21.326,-164.95,0
8.8818e-016,0,0,0,0,-0
-25.514,2.153,-5.3706,-21.847,-166.52,0
-8.8818e-016,0,0,0,0,-0
-35.349,2.8989,-7.3023,-21.654,-166.98,0
-8.8818e-016,0,0,0,0,-0
-49.07,3.9375,-10.438,-20.669,-166.84,0
8.8818e-016,0,0,0,0,-0
-68.246,5.3524,-15.28,-19.306,-166.4,0
8.8818e-016,0,0,0,0,-0
-94.986,7.2814,-22.535,-17.908,-165.81,0
0,0,0,0,0,-0
-132.19,9.9231,-33.183,-16.65,-165.18,0
0,0,0,0,0,-0
-183.88,13.555,-48.563,-15.596,-164.57,0
0,0,0,0,0,-0
-255.62,18.56,-70.492,-14.752,-164.01,0
0,0,0,0,0,-0
-355.14,25.471,-101.43,-14.097,-163.54,0
0,0,0,0,0,-0
-493.2,35.024,-144.71,-13.606,-163.17,0
0,0,0,0,0,-0
-684.71,48.24,-204.87,-13.251,-162.89,0
0,0,0,0,0,-0
-950.44,66.532,-288.08,-13.005,-162.71,0
1.7764e-015,0,0,0,0,-0
-1319.2,91.857,-402.84,-12.846,-162.6,0
0,0,0,0,0,-0
-1831.1,126.92,-560.82,-12.753,-162.57,0
0,0,0,0,0,-0
-2541.9,175.47,-778.15,-12.708,-162.58,0
0,0,0,0,0,-0
-3528.8,242.7,-1077.2,-12.698,-162.63,0
0,0,0,0,0,-0
-4899.6,335.77,-1489.1,-12.708,-162.7,0
0,0,0,0,0,-0
-6803.4,464.64,-2057,-12.73,-162.79,0
1.7764e-015,0,0,0,0,-0
-9448,643.07,-2841.1,-12.755,-162.87,0
0,0,0,0,0,-0
-13122,890.14,-3925.5,-12.777,-162.96,0
0,0,0,0,0,-0
-18225,1232.3,-5427.1,-12.794,-163.03,0
0,0,0,0,0,-0
-25315,1706.2,-7509,-12.802,-163.09,0
0,0,0,0,0,-0
-35163,2362.7,-10398,-12.802,-163.14,0
0,0,0,0,0,-0
-48844,3272.2,-14412,-12.793,-163.18,0
0,0,0,0,0,-0
-67848,4532.7,-19989,-12.777,-163.2,0
0,0,0,0,0,-0
-94246,6279.9,-27743,-12.755,-163.22,0
0,0,0,0,0,-0
-1.3091e+005,8702.3,-38526,-12.729,-163.22,0
0,0,0,0,0,-0
-1.8185e+005,12061,-53520,-12.701,-163.22,0
0,0,0,0,0,-0
-2.5259e+005,16720,-74371,-12.672,-163.22,0
0,0,0,0,0,-0
-3.5085e+005,23183,-1.0336e+005,-12.642,-163.21,0
0,0,0,0,0,-0
-4.8732e+005,32148,-1.4366e+005,-12.614,-163.2,0
0,0,0,0,0,-0
-6.7687e+005,44589,-1.9968e+005,-12.589,-163.19,0
0,0,0,0,0,-0
-9.4013e+005,61853,-2.7753e+005,-12.565,-163.18,0
3.5527e-015,0,0,0,0,-0
-1.3058e+006,85813,-3.8569e+005,-12.544,-163.18,0
3.5527e-015,0,0,0,0,-0
-1.8136e+006,1.1907e+005,-5.3596e+005,-12.526,-163.17,0
-3.5527e-015,0,0,0,0,-0
-2.5189e+006,1.6523e+005,-7.4468e+005,-12.511,-163.16,0
NaN,NaN,NaN,NaN,NaN,0
NaN,NaN,NaN,NaN,NaN,0
NaN,NaN,NaN,NaN,NaN,0
NaN,NaN,NaN,NaN,NaN,0
NaN,NaN,NaN,NaN,NaN,0
NaN,NaN,NaN,NaN,NaN,0
NaN,NaN,NaN,NaN,NaN,0
NaN,NaN,NaN,NaN,NaN,0
NaN,NaN,NaN,NaN,NaN,0
NaN,NaN,NaN,NaN,NaN,0
NaN,NaN,NaN,NaN,NaN,0
NaN,NaN,NaN,NaN,NaN,0
NaN,NaN,NaN,NaN,NaN,0
NaN,NaN,NaN,NaN,NaN,0
NaN,NaN,NaN,NaN,NaN,0
NaN,NaN,NaN,NaN,NaN,0
NaN,NaN,NaN,NaN,NaN,0
NaN,NaN,NaN,NaN,NaN,0
NaN,NaN,NaN,NaN,NaN,0
NaN,NaN,NaN,NaN,NaN,0
NaN,NaN,NaN,NaN,NaN,0
NaN,NaN,NaN,NaN,NaN,0
NaN,NaN,NaN,NaN,NaN,0
NaN,NaN,NaN,NaN,NaN,0
NaN,NaN,NaN,NaN,NaN,0
NaN,NaN,NaN,NaN,NaN,0
NaN,NaN,NaN,NaN,NaN,0
NaN,NaN,NaN,NaN,NaN,0
NaN,NaN,NaN,NaN,NaN,0
NaN,NaN,NaN,NaN,NaN,0
NaN,NaN,NaN,NaN,NaN,0
NaN,NaN,NaN,NaN,NaN,0
NaN,NaN,NaN,NaN,NaN,0
NaN,NaN,NaN,NaN,NaN,0
NaN,NaN,NaN,NaN,NaN,0
NaN,NaN,NaN,NaN,NaN,0
NaN,NaN,NaN,NaN,NaN,0
NaN,NaN,NaN,NaN,NaN,0
NaN,NaN,NaN,NaN,NaN,0
NaN,NaN,NaN,NaN,NaN,0
NaN,NaN,NaN,NaN,NaN,0
NaN,NaN,NaN,NaN,NaN,0
NaN,NaN,NaN,NaN,NaN,0
NaN,NaN,NaN,NaN,NaN,0
NaN,NaN,NaN,NaN,NaN,0
NaN,NaN,NaN,NaN,NaN,0
NaN,NaN,NaN,NaN,NaN,0
NaN,NaN,NaN,NaN,NaN,0
NaN,NaN,NaN,NaN,NaN,0
NaN,NaN,NaN,NaN,NaN,0
NaN,NaN,NaN,NaN,NaN,0
NaN,NaN,NaN,NaN,NaN,0
NaN,NaN,NaN,NaN,NaN,0
NaN,NaN,NaN,NaN,NaN,0
NaN,NaN,NaN,NaN,NaN,0
NaN,NaN,NaN,NaN,NaN,0
NaN,NaN,NaN,NaN,NaN,0
NaN,NaN,NaN,NaN,NaN,0
NaN,NaN,NaN,NaN,NaN,0
NaN,NaN,NaN,NaN,NaN,0
NaN,NaN,NaN,NaN,NaN,0
NaN,NaN,NaN,NaN,NaN,0
NaN,NaN,NaN,NaN,NaN,0
NaN,NaN,NaN,NaN,NaN,0
NaN,NaN,NaN,NaN,NaN,0
NaN,NaN,NaN,NaN,NaN,0
NaN,NaN,NaN,NaN,NaN,0
NaN,NaN,NaN,NaN,NaN,0
NaN,NaN,NaN,NaN,NaN,0
NaN,NaN,NaN,NaN,NaN,0
NaN,NaN,NaN,NaN,NaN,0
NaN,NaN,NaN,NaN,NaN,0
NaN,NaN,NaN,NaN,NaN,0
NaN,NaN,NaN,NaN,NaN,0
NaN,NaN,NaN,NaN,NaN,0
NaN,NaN,NaN,NaN,NaN,0
NaN,NaN,NaN,NaN,NaN,0
NaN,NaN,NaN,NaN,NaN,0
NaN,NaN,NaN,NaN,NaN,0
NaN,NaN,NaN,NaN,NaN,0
NaN,NaN,NaN,NaN,NaN,0
NaN,NaN,NaN,NaN,NaN,0
NaN,NaN,NaN,NaN,NaN,0
NaN,NaN,NaN,NaN,NaN,0
NaN,NaN,NaN,NaN,NaN,0
NaN,NaN,NaN,NaN,NaN,0
NaN,NaN,NaN,NaN,NaN,0
NaN,NaN,NaN,NaN,NaN,0
NaN,NaN,NaN,NaN,NaN,0
NaN,NaN,NaN,NaN,NaN,0
NaN,NaN,NaN,NaN,NaN,0
NaN,NaN,NaN,NaN,NaN,0
NaN,NaN,NaN,NaN,NaN,0
NaN,NaN,NaN,NaN,NaN,0
NaN,NaN,NaN,NaN,NaN,0
NaN,NaN,NaN,NaN,NaN,0
NaN,NaN,NaN,NaN,NaN,0
NaN,NaN,NaN,NaN,NaN,0
NaN,NaN,NaN,NaN,NaN,0
NaN,NaN,NaN,NaN,NaN,0
NaN,NaN,NaN,NaN,NaN,0
NaN,NaN,NaN,NaN,NaN,0
0,0,0,0,0,-0
2.2204e-016,-1.6653e-016,-1.1102e-016,-33.693,0,0
0,0,0,0,0,-0
0,-5.2736e-016,2.2204e-016,22.835,0,0
0,0,0,0,0,-0
2.2204e-016,-8.3267e-016,-1.1102e-016,-7.5952,0,0
0,0,0,0,0,-0
2.2204e-016,-1.9151e-015,0,0,0,0
0,0,0,0,0,-0
2.2204e-016,-3.636e-015,0,0,0,0
0,0,0,0,0,-0
0,-7.494e-015,-3.3307e-016,-2.545,0,0
0,0,0,0,0,-0
0,-1.4849e-014,-1.2212e-015,-4.7019,0,0
0,0,0,0,0,-0
2.2204e-016,-2.9643e-014,-3.1086e-015,-5.9871,0,0
0,0,0,0,0,-0
2.2204e-016,-5.9563e-014,-6.1062e-015,-5.8537,0,0
0,0,0,0,0,-0
-2.2204e-016,-1.1935e-013,-1.2323e-014,-5.8957,0,0
0,0,0,0,0,-0
2.2204e-016,-2.3909e-013,-2.498e-014,-5.9651,0,0
0,0,0,0,0,-0
0,-4.7884e-013,-5.0071e-014,-5.97,0,0
0,0,0,0,0,-0
0,-9.5957e-013,-1.007e-013,-5.9912,0,0
0,0,0,0,0,-0
0,-1.9228e-012,-2.0162e-013,-5.9865,0,0
0,0,0,0,0,-0
2.2204e-016,-3.8535e-012,-4.0423e-013,-5.9889,0,0
0,0,0,0,0,-0
-2.2204e-016,-7.724e-012,-8.1024e-013,-5.9888,0,0
0,0,0,0,0,-0
0,-1.5484e-011,-1.6245e-012,-5.9895,0,0
0,0,0,0,0,-0
2.2204e-016,-3.1045e-011,-3.257e-012,-5.9894,0,0
0,0,0,0,0,-0
0,-6.2254e-011,-6.5303e-012,-5.9887,0,0
0,0,0,0,0,-0
0,-1.2485e-010,-1.3098e-011,-5.989,0,0
0,0,0,0,0,-0
-2.2204e-016,-2.5044e-010,-2.6272e-011,-5.989,0,0
0,0,0,0,0,-0
0,-5.0243e-010,-5.2707e-011,-5.9891,0,0
0,0,0,0,0,-0
-2.2204e-016,-1.0081e-009,-1.0576e-010,-5.989,0,0
0,0,0,0,0,-0
2.2204e-016,-2.0232e-009,-2.1224e-010,-5.989,0,0
0,0,0,0,0,-0
2.2204e-016,-4.0608e-009,-4.2599e-010,-5.989,0,0
0,0,0,0,0,-0
-2.2204e-016,-8.1522e-009,-8.5519e-010,-5.989,0,0
0,0,0,0,0,-0
0,-1.6369e-008,-1.7171e-009,-5.989,0,8.5384e-007
0,0,0,0,0,-0
-2.2204e-016,-3.2872e-008,-3.4484e-009,-5.989,0,1.4789e-006
0,0,0,0,0,-0
-1.3323e-015,-6.6028e-008,-6.9265e-009,-5.989,0,2.7001e-006
0,0,0,0,0,-0
-6.2172e-015,-1.3265e-007,-1.3915e-008,-5.989,0,5.4672e-006
0,0,0,0,0,-0
-2.5979e-014,-2.6655e-007,-2.7962e-008,-5.989,0,1.1001e-005
0,0,0,0,0,-0
-1.0347e-013,-5.3571e-007,-5.6198e-008,-5.9891,0,2.2068e-005
0,0,0,0,0,-0
-4.19e-013,-1.0769e-006,-1.1297e-007,-5.9891,0,4.4342e-005
0,0,0,0,0,-0
-1.6942e-012,-2.1653e-006,-2.2715e-007,-5.9891,0,8.9168e-005
0,0,0,0,0,-0
-6.8519e-012,-4.3547e-006,-4.5684e-007,-5.9893,0,0.00017933
0,0,0,0,0,-0
-2.7725e-011,-8.7598e-006,-9.1901e-007,-5.9895,0,0.00036073
0,0,0,0,0,-0
-1.1224e-010,-1.7625e-005,-1.8492e-006,-5.99,0,0.00072581
0,0,0,0,0,-0
-4.5461e-010,-3.5471e-005,-3.7223e-006,-5.991,0,0.0014607
0,0,0,0,0,-0
-1.8422e-009,-7.1405e-005,-7.4956e-006,-5.993,0,0.0029405
0,0,0,0,0,-0
-7.4691e-009,-0.00014378,-1.5103e-005,-5.997,0,0.0059208
0,0,0,0,0,-0
-3.0297e-008,-0.00028957,-3.0458e-005,-6.005,0,0.011925
0,0,0,0,0,-0
-1.2295e-007,-0.00058332,-6.1522e-005,-6.0211,0,0.024023
0,0,0,0,0,-0
-29297,21.73,2.3043,-6.0535,0,-179.97
0,0,0,0,0,-0
-4.94,0.065858,-0.50945,-7.3666,-171.76,0
0,0,0,0,0,-0
-4.9393,0.065793,-0.50899,-7.3658,-171.76,0
0,0,0,0,0,-0
-4.939,0.06577,-0.50887,-7.365,-171.77,0
0,0,0,0,0,-0
-4.9389,0.065757,-0.50882,-7.3643,-171.77,0
0,0,0,0,0,-0
-4.9388,0.065749,-0.50881,-7.3635,-171.77,0
0,0,0,0,0,-0
-4.9388,0.065742,-0.50882,-7.3627,-171.77,0
0,0,0,0,0,-0
-4.9388,0.065737,-0.50883,-7.362,-171.77,0
0,0,0,0,0,-0
-4.9387,0.065733,-0.50885,-7.3612,-171.76,0
0,0,0,0,0,-0
2.2204e-016,-1.6653e-016,-1.1102e-016,-33.693,0,0
0,0,0,0,0,-0
0,-5.2736e-016,2.2204e-016,22.835,0,0
0,0,0,0,0,-0
2.2204e-016,-8.3267e-016,-1.1102e-016,-7.5952,0,0
0,0,0,0,0,-0
2.2204e-016,-1.9151e-015,0,0,0,0
0,0,0,0,0,-0
2.2204e-016,-3.636e-015,0,0,0,0
0,0,0,0,0,-0
0,-7.494e-015,-3.3307e-016,-2.545,0,0
0,0,0,0,0,-0
0,-1.4849e-014,-1.2212e-015,-4.7019,0,0
0,0,0,0,0,-0
2.2204e-016,-2.9643e-014,-3.1086e-015,-5.9871,0,0
0,0,0,0,0,-0
2.2204e-016,-5.9563e-014,-6.1062e-015,-5.8537,0,0
0,0,0,0,0,-0
-2.2204e-016,-1.1935e-013,-1.2323e-014,-5.8957,0,0
0,0,0,0,0,-0
2.2204e-016,-2.3909e-013,-2.498e-014,-5.9651,0,0
0,0,0,0,0,-0
0,-4.7884e-013,-5.0071e-014,-5.97,0,0
0,0,0,0,0,-0
0,-9.5957e-013,-1.007e-013,-5.9912,0,0
0,0,0,0,0,-0
0,-1.9228e-012,-2.0162e-013,-5.9865,0,0
0,0,0,0,0,-0
2.2204e-016,-3.8535e-012,-4.0423e-013,-5.9889,0,0
0,0,0,0,0,-0
-2.2204e-016,-7.724e-012,-8.1024e-013,-5.9888,0,0
0,0,0,0,0,-0
0,-1.5484e-011,-1.6245e-012,-5.9895,0,0
0,0,0,0,0,-0
2.2204e-016,-3.1045e-011,-3.257e-012,-5.9894,0,0
0,0,0,0,0,-0
0,-6.2254e-011,-6.5303e-012,-5.9887,0,0
0,0,0,0,0,-0
0,-1.2485e-010,-1.3098e-011,-5.989,0,0
0,0,0,0,0,-0
-2.2204e-016,-2.5044e-010,-2.6272e-011,-5.989,0,0
0,0,0,0,0,-0
0,-5.0243e-010,-5.2707e-011,-5.9891,0,0
0,0,0,0,0,-0
-2.2204e-016,-1.0081e-009,-1.0576e-010,-5.989,0,0
0,0,0,0,0,-0
2.2204e-016,-2.0232e-009,-2.1224e-010,-5.989,0,0
0,0,0,0,0,-0
2.2204e-016,-4.0608e-009,-4.2599e-010,-5.989,0,0
0,0,0,0,0,-0
-2.2204e-016,-8.1522e-009,-8.5519e-010,-5.989,0,0
0,0,0,0,0,-0
0,-1.6369e-008,-1.7171e-009,-5.989,0,8.5384e-007
0,0,0,0,0,-0
-2.2204e-016,-3.2872e-008,-3.4484e-009,-5.989,0,1.4789e-006
0,0,0,0,0,-0
-1.3323e-015,-6.6028e-008,-6.9265e-009,-5.989,0,2.7001e-006
0,0,0,0,0,-0
-6.2172e-015,-1.3265e-007,-1.3915e-008,-5.989,0,5.4672e-006
0,0,0,0,0,-0
-2.5979e-014,-2.6655e-007,-2.7962e-008,-5.989,0,1.1001e-005
0,0,0,0,0,-0
-1.0347e-013,-5.3571e-007,-5.6198e-008,-5.9891,0,2.2068e-005
0,0,0,0,0,-0
-4.19e-013,-1.0769e-006,-1.1297e-007,-5.9891,0,4.4342e-005
0,0,0,0,0,-0
-1.6942e-012,-2.1653e-006,-2.2715e-007,-5.9891,0,8.9168e-005
0,0,0,0,0,-0
-6.8519e-012,-4.3547e-006,-4.5684e-007,-5.9893,0,0.00017933
0,0,0,0,0,-0
-2.7725e-011,-8.7598e-006,-9.1901e-007,-5.9895,0,0.00036073
0,0,0,0,0,-0
-1.1224e-010,-1.7625e-005,-1.8492e-006,-5.99,0,0.00072581
0,0,0,0,0,-0
-4.5461e-010,-3.5471e-005,-3.7223e-006,-5.991,0,0.0014607
0,0,0,0,0,-0
-1.8422e-009,-7.1405e-005,-7.4956e-006,-5.993,0,0.0029405
0,0,0,0,0,-0
-7.4691e-009,-0.00014378,-1.5103e-005,-5.997,0,0.0059208
0,0,0,0,0,-0
-3.0297e-008,-0.00028957,-3.0458e-005,-6.005,0,0.011925
0,0,0,0,0,-0
-1.2295e-007,-0.00058332,-6.1522e-005,-6.0211,0,0.024023
0,0,0,0,0,-0
-29297,21.73,2.3043,-6.0535,0,-179.97
0,0,0,0,0,-0
-4.94,0.065858,-0.50945,-7.3666,-171.76,0
0,0,0,0,0,-0
-4.9393,0.065793,-0.50899,-7.3658,-171.76,0
0,0,0,0,0,-0
-4.939,0.06577,-0.50887,-7.365,-171.77,0
0,0,0,0,0,-0
-4.9389,0.065757,-0.50882,-7.3643,-171.77,0
0,0,0,0,0,-0
-4.9388,0.065749,-0.50881,-7.3635,-171.77,0
0,0,0,0,0,-0
-4.9388,0.065742,-0.50882,-7.3627,-171.77,0
0,0,0,0,0,-0
-4.9388,0.065737,-0.50883,-7.362,-171.77,0
0,0,0,0,0,-0
-4.9387,0.065733,-0.50885,-7.3612,-171.76,0
0,0,0,0,0,-0
2.2204e-016,-1.6653e-016,-1.1102e-016,-33.693,0,0
0,0,0,0,0,-0
0,-5.2736e-016,2.2204e-016,22.835,0,0
0,0,0,0,0,-0
2.2204e-016,-8.3267e-016,-1.1102e-016,-7.5952,0,0
0,0,0,0,0,-0
2.2204e-016,-1.9151e-015,0,0,0,0
0,0,0,0,0,-0
2.2204e-016,-3.636e-015,0,0,0,0
0,0,0,0,0,-0
0,-7.494e-015,-3.3307e-016,-2.545,0,0
0,0,0,0,0,-0
0,-1.4849e-014,-1.2212e-015,-4.7019,0,0
0,0,0,0,0,-0
2.2204e-016,-2.9643e-014,-3.1086e-015,-5.9871,0,0
0,0,0,0,0,-0
2.2204e-016,-5.9563e-014,-6.1062e-015,-5.8537,0,0
0,0,0,0,0,-0
-2.2204e-016,-1.1935e-013,-1.2323e-014,-5.8957,0,0
0,0,0,0,0,-0
2.2204e-016,-2.3909e-013,-2.498e-014,-5.9651,0,0
0,0,0,0,0,-0
0,-4.7884e-013,-5.0071e-014,-5.97,0,0
0,0,0,0,0,-0
0,-9.5957e-013,-1.007e-013,-5.9912,0,0
0,0,0,0,0,-0
0,-1.9228e-012,-2.0162e-013,-5.9865,0,0
0,0,0,0,0,-0
2.2204e-016,-3.8535e-012,-4.0423e-013,-5.9889,0,0
0,0,0,0,0,-0
-2.2204e-016,-7.724e-012,-8.1024e-013,-5.9888,0,0
0,0,0,0,0,-0
0,-1.5484e-011,-1.6245e-012,-5.9895,0,0
0,0,0,0,0,-0
2.2204e-016,-3.1045e-011,-3.257e-012,-5.9894,0,0
0,0,0,0,0,-0
0,-6.2254e-011,-6.5303e-012,-5.9887,0,0
0,0,0,0,0,-0
0,-1.2485e-010,-1.3098e-011,-5.989,0,0
0,0,0,0,0,-0
-2.2204e-016,-2.5044e-010,-2.6272e-011,-5.989,0,0
0,0,0,0,0,-0
0,-5.0243e-010,-5.2707e-011,-5.9891,0,0
0,0,0,0,0,-0
-2.2204e-016,-1.0081e-009,-1.0576e-010,-5.989,0,0
0,0,0,0,0,-0
2.2204e-016,-2.0232e-009,-2.1224e-010,-5.989,0,0
0,0,0,0,0,-0
2.2204e-016,-4.0608e-009,-4.2599e-010,-5.989,0,0
0,0,0,0,0,-0
-2.2204e-016,-8.1522e-009,-8.5519e-010,-5.989,0,0
0,0,0,0,0,-0
0,-1.6369e-008,-1.7171e-009,-5.989,0,8.5384e-007
0,0,0,0,0,-0
-2.2204e-016,-3.2872e-008,-3.4484e-009,-5.989,0,1.4789e-006
0,0,0,0,0,-0
-1.3323e-015,-6.6028e-008,-6.9265e-009,-5.989,0,2.7001e-006
0,0,0,0,0,-0
-6.2172e-015,-1.3265e-007,-1.3915e-008,-5.989,0,5.4672e-006
0,0,0,0,0,-0
-2.5979e-014,-2.6655e-007,-2.7962e-008,-5.989,0,1.1001e-005
0,0,0,0,0,-0
-1.0347e-013,-5.3571e-007,-5.6198e-008,-5.9891,0,2.2068e-005
0,0,0,0,0,-0
-4.19e-013,-1.0769e-006,-1.1297e-007,-5.9891,0,4.4342e-005
0,0,0,0,0,-0
-1.6942e-012,-2.1653e-006,-2.2715e-007,-5.9891,0,8.9168e-005
0,0,0,0,0,-0
-6.8519e-012,-4.3547e-006,-4.5684e-007,-5.9893,0,0.00017933
0,0,0,0,0,-0
-2.7725e-011,-8.7598e-006,-9.1901e-007,-5.9895,0,0.00036073
0,0,0,0,0,-0
-1.1224e-010,-1.7625e-005,-1.8492e-006,-5.99,0,0.00072581
0,0,0,0,0,-0
-4.5461e-010,-3.5471e-005,-3.7223e-006,-5.991,0,0.0014607
0,0,0,0,0,-0
-1.8422e-009,-7.1405e-005,-7.4956e-006,-5.993,0,0.0029405
0,0,0,0,0,-0
-7.4691e-009,-0.00014378,-1.5103e-005,-5.997,0,0.0059208
0,0,0,0,0,-0
-3.0297e-008,-0.00028957,-3.0458e-005,-6.005,0,0.011925
0,0,0,0,0,-0
-1.2295e-007,-0.00058332,-6.1522e-005,-6.0211,0,0.024023
0,0,0,0,0,-0
-29297,21.73,2.3043,-6.0535,0,-179.97
0,0,0,0,0,-0
-4.94,0.065858,-0.50945,-7.3666,-171.76,0
0,0,0,0,0,-0
-4.9393,0.065793,-0.50899,-7.3658,-171.76,0
0,0,0,0,0,-0
-4.939,0.06577,-0.50887,-7.365,-171.77,0
0,0,0,0,0,-0
-4.9389,0.065757,-0.50882,-7.3643,-171.77,0
0,0,0,0,0,-0
-4.9388,0.065749,-0.50881,-7.3635,-171.77,0
0,0,0,0,0,-0
-4.9388,0.065742,-0.50882,-7.3627,-171.77,0
0,0,0,0,0,-0
-4.9388,0.065737,-0.50883,-7.362,-171.77,0
0,0,0,0,0,-0
-4.9387,0.065733,-0.50885,-7.3612,-171.76,0
0,0,0,0,0,-0
2.2204e-016,-1.6653e-016,-1.1102e-016,-33.693,0,0
0,0,0,0,0,-0
0,-5.2736e-016,2.2204e-016,22.835,0,0
0,0,0,0,0,-0
2.2204e-016,-8.3267e-016,-1.1102e-016,-7.5952,0,0
0,0,0,0,0,-0
2.2204e-016,-1.9151e-015,0,0,0,0
0,0,0,0,0,-0
2.2204e-016,-3.636e-015,0,0,0,0
0,0,0,0,0,-0
0,-7.494e-015,-3.3307e-016,-2.545,0,0
0,0,0,0,0,-0
0,-1.4849e-014,-1.2212e-015,-4.7019,0,0
0,0,0,0,0,-0
2.2204e-016,-2.9643e-014,-3.1086e-015,-5.9871,0,0
0,0,0,0,0,-0
2.2204e-016,-5.9563e-014,-6.1062e-015,-5.8537,0,0
0,0,0,0,0,-0
-2.2204e-016,-1.1935e-013,-1.2323e-014,-5.8957,0,0
0,0,0,0,0,-0
2.2204e-016,-2.3909e-013,-2.498e-014,-5.9651,0,0
0,0,0,0,0,-0
0,-4.7884e-013,-5.0071e-014,-5.97,0,0
0,0,0,0,0,-0
0,-9.5957e-013,-1.007e-013,-5.9912,0,0
0,0,0,0,0,-0
0,-1.9228e-012,-2.0162e-013,-5.9865,0,0
0,0,0,0,0,-0
2.2204e-016,-3.8535e-012,-4.0423e-013,-5.9889,0,0
0,0,0,0,0,-0
-2.2204e-016,-7.724e-012,-8.1024e-013,-5.9888,0,0
0,0,0,0,0,-0
0,-1.5484e-011,-1.6245e-012,-5.9895,0,0
0,0,0,0,0,-0
2.2204e-016,-3.1045e-011,-3.257e-012,-5.9894,0,0
0,0,0,0,0,-0
0,-6.2254e-011,-6.5303e-012,-5.9887,0,0
0,0,0,0,0,-0
0,-1.2485e-010,-1.3098e-011,-5.989,0,0
0,0,0,0,0,-0
-2.2204e-016,-2.5044e-010,-2.6272e-011,-5.989,0,0
0,0,0,0,0,-0
0,-5.0243e-010,-5.2707e-011,-5.9891,0,0
0,0,0,0,0,-0
-2.2204e-016,-1.0081e-009,-1.0576e-010,-5.989,0,0
0,0,0,0,0,-0
2.2204e-016,-2.0232e-009,-2.1224e-010,-5.989,0,0
0,0,0,0,0,-0
2.2204e-016,-4.0608e-009,-4.2599e-010,-5.989,0,0
0,0,0,0,0,-0
-2.2204e-016,-8.1522e-009,-8.5519e-010,-5.989,0,0
0,0,0,0,0,-0
0,-1.6369e-008,-1.7171e-009,-5.989,0,8.5384e-007
0,0,0,0,0,-0
-2.2204e-016,-3.2872e-008,-3.4484e-009,-5.989,0,1.4789e-006
0,0,0,0,0,-0
-1.3323e-015,-6.6028e-008,-6.9265e-009,-5.989,0,2.7001e-006
0,0,0,0,0,-0
-6.2172e-015,-1.3264,2.091,-6.7682,44.601,0
-1.704,0,0,0,0,-0
0.63012,-0.28042,2.4126,-6.6303,50.126,0
-1.708,0,0,0,0,-0
0.45223,-0.31419,2.7533,-6.5106,56.259,0
-1.712,0,0,0,0,-0
0.18737,-0.34877,3.1014,-6.4168,63.059,0
-1.716,0,0,0,0,-0
-0.17994,-0.38334,3.4387,-6.3614,70.595,0
-1.72,0,0,0,0,-0
-0.66317,-0.41689,3.7386,-6.3632,78.937,0
-1.724,0,0,0,0,-0
-1.2704,-0.44809,3.9645,-6.449,88.159,0
-1.728,0,0,0,0,-0
-1.999,-0.47516,4.0696,-6.6602,98.338,0
-1.732,0,0,0,0,-0
-2.8295,-0.49553,3.9985,-7.0651,109.55,0
-1.736,0,0,0,0,-0
-3.7171,-0.50524,3.693,-7.7908,121.89,0
-1.74,0,0,0,0,-0
-4.5858,-0.49762,3.103,-9.1116,135.41,0
-1.744,0,0,0,0,-0
-5.3261,-0.46005,2.2036,-11.794,150.19,0
-1.748,0,0,0,0,-0
-5.8028,-0.36498,1.0172,-19.741,166.22,0
-1.752,0,0,0,0,-0
-5.8743,-0.14867,-0.36643,22.085,-174.96,0
-1.756,0,0,0,0,-0
-5.8038,-0.41453,0.8712,-25.447,167.66,0
-1.76,0,0,0,0,-0
-5.8341,-0.23932,-0.53937,23.929,-172.43,0
-1.764,0,0,0,0,-0
-5.8174,-0.47881,0.68961,-34.776,169.25,0
-1.768,0,0,0,0,-0
-5.7856,-0.37873,-0.75373,26.68,-169.13,0
-1.772,0,0,0,0,-0
-5.833,-0.57278,0.46249,38.922,0,170.59
-1.776,0,0,0,0,-0
-5.7039,-1.2765,0.50241,21.485,0,162.34
-1.78,0,0,0,0,-0
-5.4387,-1.952,0.62091,17.646,0,153.12
-1.784,0,0,0,0,-0
-5.0787,-2.5037,0.80608,17.847,0,144.45
-1.788,0,0,0,0,-0
-4.6699,-2.9098,1.0274,19.449,0,136.68
-1.792,0,0,0,0,-0
-4.2482,-3.1746,1.2648,21.724,0,129.83
-1.796,0,0,0,0,-0
-3.8385,-3.3105,1.5089,24.506,0,123.85
-1.8,0,0,0,0,-0
-3.457,-3.3292,1.7585,27.844,0,118.67
-1.6,0,0,0,0,-0
-1.2122,0.055451,-0.017892,17.885,0,-17.319
-1.604,0,0,0,0,-0
-1.3077,0.0045707,-0.0038675,40.239,0,-3.7481
-1.608,0,0,0,0,-0
-1.3913,-0.061965,0.022114,19.642,0,83.301
-1.612,0,0,0,0,-0
-1.4873,-0.12458,0.031934,14.378,0,124.47
-1.616,0,0,0,0,-0
-1.6064,-0.14834,0.012337,4.7546,0,144.33
-1.62,0,0,0,0,-0
-1.7369,-0.09999,-0.020783,-11.743,0,163.19
-1.624,0,0,0,0,-0
-1.8462,0.045279,-0.020819,24.694,0,-173.65
-1.628,0,0,0,0,-0
-1.955,-0.055599,-0.027825,-26.588,0,173.63
-1.632,0,0,0,0,-0
-2.0493,0.15057,-0.0048099,1.8298,0,-166.97
-1.636,0,0,0,0,-0
-2.1764,0.040071,-0.034101,40.401,0,-176.14
-1.64,0,0,0,0,-0
-2.2573,-0.21778,0.0056012,1.4734,0,165.77
-1.644,0,0,0,0,-0
-2.3937,-0.053291,-0.035372,-33.577,0,176.33
-1.648,0,0,0,0,-0
-2.4741,0.26956,0.0074226,-1.5774,0,-165.93
-1.652,0,0,0,0,-0
-2.6173,0.072266,-0.0405,29.27,0,-176.12
-1.656,0,0,0,0,-0
-2.6945,-0.28939,0.0014551,0.28811,0,167.42
-1.66,0,0,0,0,-0
-2.8378,-0.023476,-0.046936,26.575,-177.92,0
-1.664,0,0,0,0,-0
-2.91,-0.049716,0.3617,-7.8269,166.43,0
-1.668,0,0,0,0,-0
-3.0627,-0.054158,-0.1029,27.76,-176.01,0
-1.672,0,0,0,0,-0
-3.1429,-0.084709,0.37249,-12.813,167.66,0
-1.676,0,0,0,0,-0
-3.2891,-0.084628,-0.16553,27.08,-174.4,0
-1.68,0,0,0,0,-0
-3.3793,-0.11625,0.37636,-17.167,168.76,0
-1.684,0,0,0,0,-0
-3.517,-0.10634,-0.23657,24.206,-173.03,0
-1.688,0,0,0,0,-0
-3.6199,-0.13519,0.37127,-20.01,169.92,0
-1.692,0,0,0,0,-0
-3.7459,-0.11196,-0.31787,19.405,-171.84,0
-1.696,0,0,0,0,-0
-3.8647,-0.13436,0.35535,-20.714,171.25,0
-1.7,0,0,0,0,-0
-3.9748,-0.097207,-0.41085,13.312,-170.7,0
-1.704,0,0,0,0,-0
-4.1126,-0.11022,0.32722,-18.617,172.76,0
-1.708,0,0,0,0,-0
-4.202,-0.063646,-0.51629,7.0282,-169.5,0
-1.712,0,0,0,0,-0
-4.3617,-0.066059,0.28593,-13.01,174.36,0
-1.716,0,0,0,0,-0
-4.4252,-0.023305,-0.63492,2.1023,-168.16,0
-1.72,0,0,0,0,-0
-4.61,-0.016587,0.23023,-4.121,175.9,0
-1.724,0,0,0,0,-0
-4.6426,-0.00011786,-0.76824,0.0087909,-166.69,0
97e-008,-0.00028957,-3.0458e-005,-6.005,0,0.011925
0,0,0,0,0,-0
-1.2295e-007,-0.00058332,-6.1522e-005,-6.0211,0,0.024023
0,0,0,0,0,-0
-4.9917e-007,-0.0011753,-0.00012463,-6.0537,0,0.048403
0,0,0,0,0,-0
-2.0271e-006,-0.002368,-0.00025386,-6.1192,0,0.09754
0,0,0,0,0,-0
-8.2307e-006,-0.0047705,-0.00052252,-6.2512,0,0.19655
0,0,0,0,0,-0
-3.3392e-005,-0.0096037,-0.0010969,-6.5164,0,0.39589
0,0,0,0,0,-0
-0.00013514,-0.019299,-0.0023857,-7.0477,0,0.79643
0,0,0,0,0,-0
-0.00054368,-0.038611,-0.0054976,-8.1042,0,1.5975
0,0,0,0,0,-0
-503.35,24.385,4.3671,-10.154,0,-177.19
0,0,0,0,0,-0
-5.0169,0.082969,-0.52834,-8.9254,-171.6,0
0,0,0,0,0,-0
-4.9784,0.081103,-0.51151,-9.0102,-171.78,0
0,0,0,0,0,-0
2.2204e-016,-1.6653e-016,-1.1102e-016,-33.693,0,0
0,0,0,0,0,-0
0,-5.2736e-016,2.2204e-016,22.835,0,0
0,0,0,0,0,-0
2.2204e-016,-8.3267e-016,-1.1102e-016,-7.5952,0,0
0,0,0,0,0,-0
2.2204e-016,-1.9151e-015,0,0,0,0
0,0,0,0,0,-0
2.2204e-016,-3.636e-015,0,0,0,0
0,0,0,0,0,-0
0,-7.494e-015,-3.3307e-016,-2.545,0,0
0,0,0,0,0,-0
0,-1.4849e-014,-1.2212e-015,-4.7019,0,0
0,0,0,0,0,-0
2.2204e-016,-2.9643e-014,-3.1086e-015,-5.9871,0,0
0,0,0,0,0,-0
2.2204e-016,-5.9563e-014,-6.1062e-015,-5.8537,0,0
0,0,0,0,0,-0
-2.2204e-016,-1.1935e-013,-1.2323e-014,-5.8957,0,0
0,0,0,0,0,-0
2.2204e-016,-2.3909e-013,-2.498e-014,-5.9651,0,0
0,0,0,0,0,-0
0,-4.7884e-013,-5.0071e-014,-5.97,0,0
0,0,0,0,0,-0
0,-9.5957e-013,-1.007e-013,-5.9912,0,0
0,0,0,0,0,-0
0,-1.9228e-012,-2.0162e-013,-5.9865,0,0
0,0,0,0,0,-0
2.2204e-016,-3.8535e-012,-4.0423e-013,-5.9889,0,0
0,0,0,0,0,-0
-2.2204e-016,-7.724e-012,-8.1024e-013,-5.9888,0,0
0,0,0,0,0,-0
0,-1.5484e-011,-1.6245e-012,-5.9895,0,0
0,0,0,0,0,-0
2.2204e-016,-3.1045e-011,-3.257e-012,-5.9894,0,0
0,0,0,0,0,-0
0,-6.2254e-011,-6.5303e-012,-5.9887,0,0
0,0,0,0,0,-0
0,-1.2485e-010,-1.3098e-011,-5.989,0,0
0,0,0,0,0,-0
-2.2204e-016,-2.5044e-010,-2.6272e-011,-5.989,0,0
0,0,0,0,0,-0
0,-5.0243e-010,-5.2707e-011,-5.9891,0,0
0,0,0,0,0,-0
-2.2204e-016,-1.0081e-009,-1.0576e-010,-5.989,0,0
0,0,0,0,0,-0
2.2204e-016,-2.0232e-009,-2.1224e-010,-5.989,0,0
0,0,0,0,0,-0
2.2204e-016,-4.0608e-009,-4.2599e-010,-5.989,0,0
0,0,0,0,0,-0
-2.2204e-016,-8.1522e-009,-8.5519e-010,-5.989,0,0
0,0,0,0,0,-0
0,-1.6369e-008,-1.7171e-009,-5.989,0,8.5384e-007
0,0,0,0,0,-0
-2.2204e-016,-3.2872e-008,-3.4484e-009,-5.989,0,1.4789e-006
0,0,0,0,0,-0
-1.3323e-015,-6.6028e-008,-6.9265e-009,-5.989,0,2.7001e-006
0,0,0,0,0,-0
-6.2172e-015,-1.3265e-007,-1.3915e-008,-5.989,0,5.4672e-006
0,0,0,0,0,-0
-2.5979e-014,-2.6655e-007,-2.7962e-008,-5.989,0,1.1001e-005
0,0,0,0,0,-0
-1.0347e-013,-5.3571e-007,-5.6198e-008,-5.9891,0,2.2068e-005
0,0,0,0,0,-0
-4.19e-013,-1.0769e-006,-1.1297e-007,-5.9891,0,4.4342e-005
0,0,0,0,0,-0
-1.6942e-012,-2.1653e-006,-2.2715e-007,-5.9891,0,8.9168e-005
0,0,0,0,0,-0
-6.8519e-012,-4.3547e-006,-4.5684e-007,-5.9893,0,0.00017933
0,0,0,0,0,-0
-2.7725e-011,-8.7598e-006,-9.1901e-007,-5.9895,0,0.00036073
0,0,0,0,0,-0
-1.1224e-010,-1.7625e-005,-1.8492e-006,-5.99,0,0.00072581
0,0,0,0,0,-0
-4.5461e-010,-3.5471e-005,-3.7223e-006,-5.991,0,0.0014607
0,0,0,0,0,-0
-1.8422e-009,-7.1405e-005,-7.4956e-006,-5.993,0,0.0029405
0,0,0,0,0,-0
-7.4691e-009,-0.00014378,-1.5103e-005,-5.997,0,0.0059208
0,0,0,0,0,-0
-3.0297e-008,-0.00028957,-3.0458e-005,-6.005,0,0.011925
0,0,0,0,0,-0
-1.2295e-007,-0.00058332,-6.1522e-005,-6.0211,0,0.024023
0,0,0,0,0,-0
-4.9917e-007,-0.0011753,-0.00012463,-6.0537,0,0.048403
0,0,0,0,0,-0
-2.0271e-006,-0.002368,-0.00025386,-6.1192,0,0.09754
0,0,0,0,0,-0
-8.2307e-006,-0.0047705,-0.00052252,-6.2512,0,0.19655
0,0,0,0,0,-0
-3.3392e-005,-0.0096037,-0.0010969,-6.5164,0,0.39589
0,0,0,0,0,-0
-0.00013514,-0.019299,-0.0023857,-7.0477,0,0.79643
0,0,0,0,0,-0
-0.00054368,-0.038611,-0.0054976,-8.1042,0,1.5975
0,0,0,0,0,-0
0,0,0,0,0,-0
2.2204e-016,-1.6653e-016,-1.1102e-016,-33.693,0,0
0,0,0,0,0,-0
0,-5.2736e-016,2.2204e-016,22.835,0,0
0,0,0,0,0,-0
2.2204e-016,-8.3267e-016,-1.1102e-016,-7.5952,0,0
0,0,0,0,0,-0
2.2204e-016,-1.9151e-015,0,0,0,0
0,0,0,0,0,-0
2.2204e-016,-3.636e-015,0,0,0,0
0,0,0,0,0,-0
0,-7.494e-015,-3.3307e-016,-2.545,0,0
0,0,0,0,0,-0
0,-1.4849e-014,-1.2212e-015,-4.7019,0,0
0,0,0,0,0,-0
2.2204e-016,-2.9643e-014,-3.1086e-015,-5.9871,0,0
0,0,0,0,0,-0
2.2204e-016,-5.9563e-014,-6.1062e-015,-5.8537,0,0
0,0,0,0,0,-0
-2.2204e-016,-1.1935e-013,-1.2323e-014,-5.8957,0,0
0,0,0,0,0,-0
2.2204e-016,-2.3909e-013,-2.498e-014,-5.9651,0,0
0,0,0,0,0,-0
0,-4.7884e-013,-5.0071e-014,-5.97,0,0
0,0,0,0,0,-0
0,-9.5957e-013,-1.007e-013,-5.9912,0,0
0,0,0,0,0,-0
0,-1.9228e-012,-2.0162e-013,-5.9865,0,0
0,0,0,0,0,-0
2.2204e-016,-3.8535e-012,-4.0423e-013,-5.9889,0,0
0,0,0,0,0,-0
-2.2204e-016,-7.724e-012,-8.1024e-013,-5.9888,0,0
0,0,0,0,0,-0
0,-1.5484e-011,-1.6245e-012,-5.9895,0,0
0,0,0,0,0,-0
2.2204e-016,-3.1045e-011,-3.257e-012,-5.9894,0,0
0,0,0,0,0,-0
0,-6.2254e-011,-6.5303e-012,-5.9887,0,0
0,0,0,0,0,-0
0,-1.2485e-010,-1.3098e-011,-5.989,0,0
0,0,0,0,0,-0
-2.2204e-016,-2.5044e-010,-2.6272e-011,-5.989,0,0
0,0,0,0,0,-0
0,-5.0243e-010,-5.2707e-011,-5.9891,0,0
0,0,0,0,0,-0
-2.2204e-016,-1.0081e-009,-1.0576e-010,-5.989,0,0
0,0,0,0,0,-0
2.2204e-016,-2.0232e-009,-2.1224e-010,-5.989,0,0
0,0,0,0,0,-0
2.2204e-016,-4.0608e-009,-4.2599e-010,-5.989,0,0
0,0,0,0,0,-0
-2.2204e-016,-8.1522e-009,-8.5519e-010,-5.989,0,0
0,0,0,0,0,-0
0,-1.6369e-008,-1.7171e-009,-5.989,0,8.5384e-007
0,0,0,0,0,-0
-2.2204e-016,-3.2872e-008,-3.4484e-009,-5.989,0,1.4789e-006
0,0,0,0,0,-0
-1.3323e-015,-6.6028e-008,-6.9265e-009,-5.989,0,2.7001e-006
0,0,0,0,0,-0
-6.2172e-015,-1.3265e-007,-1.3915e-008,-5.989,0,5.4672e-006
0,0,0,0,0,-0
-2.5979e-014,-2.6655e-007,-2.7962e-008,-5.989,0,1.1001e-005
0,0,0,0,0,-0
-1.0347e-013,-5.3571e-007,-5.6198e-008,-5.9891,0,2.2068e-005
0,0,0,0,0,-0
-4.19e-013,-1.0769e-006,-1.1297e-007,-5.9891,0,4.4342e-005
0,0,0,0,0,-0
-1.6942e-012,-2.1653e-006,-2.2715e-007,-5.9891,0,8.9168e-005
0,0,0,0,0,-0
-6.8519e-012,-4.3547e-006,-4.5684e-007,-5.9893,0,0.00017933
0,0,0,0,0,-0
-2.7725e-011,-8.7598e-006,-9.1901e-007,-5.9895,0,0.00036073
0,0,0,0,0,-0
-1.1224e-010,-1.7625e-005,-1.8492e-006,-5.99,0,0.00072581
0,0,0,0,0,-0
-4.5461e-010,-3.5471e-005,-3.7223e-006,-5.991,0,0.0014607
0,0,0,0,0,-0
-1.8422e-009,-7.1405e-005,-7.4956e-006,-5.993,0,0.0029405
0,0,0,0,0,-0
-7.4691e-009,-0.00014378,-1.5103e-005,-5.997,0,0.0059208
0,0,0,0,0,-0
-3.0297e-008,-0.00028957,-3.0458e-005,-6.005,0,0.011925
0,0,0,0,0,-0
-1.2295e-007,-0.00058332,-6.1522e-005,-6.0211,0,0.024023
0,0,0,0,0,-0
-4.9917e-007,-0.0011753,-0.00012463,-6.0537,0,0.048403
0,0,0,0,0,-0
-2.0271e-006,-0.002368,-0.00025386,-6.1192,0,0.09754
0,0,0,0,0,-0
-8.2307e-006,-0.0047705,-0.00052252,-6.2512,0,0.19655
0,0,0,0,0,-0
-3.3392e-005,-0.0096037,-0.0010969,-6.5164,0,0.39589
0,0,0,0,0,-0
-0.00013514,-0.019299,-0.0023857,-7.0477,0,0.79643
0,0,0,0,0,-0
-0.00054368,-0.038611,-0.0054976,-8.1042,0,1.5975
0,0,0,0,0,-0
0,0,0,0,0,-0
2.2204e-016,-1.6653e-016,-1.1102e-016,-33.693,0,0
0,0,0,0,0,-0
0,-1.3878e-016,2.2204e-016,-32.008,0,0
0,0,0,0,0,-0
2.2204e-016,1.6653e-016,1.1102e-016,-33.693,0,-0
0,0,0,0,0,-0
2.2204e-016,-1.3878e-016,0,0,0,0
0,0,0,0,0,-0
2.2204e-016,-1.3878e-016,2.2204e-016,-32.008,0,0
0,0,0,0,0,-0
0,1.9429e-016,5.5511e-016,19.291,0,0
0,0,0,0,0,-0
0,-1.1102e-016,0,0,0,0
0,0,0,0,0,-0
-2.2204e-016,-1.1102e-016,-1.1102e-016,45.003,-0,0
0,0,0,0,0,-0
2.2204e-016,2.2204e-016,-1.1102e-016,26.567,0,-0
0,0,0,0,0,-0
2.2204e-016,-1.3878e-016,-1.1102e-016,-38.663,0,0
0,0,0,0,0,-0
2.2204e-016,-1.1102e-016,0,0,0,0
0,0,0,0,0,-0
0,2.498e-016,3.3307e-016,36.873,0,0
0,0,0,0,0,-0
2.2204e-016,-1.1102e-016,-2.2204e-016,26.567,-0,0
0,0,0,0,0,-0
2.2204e-016,-1.1102e-016,2.2204e-016,-26.567,0,0
0,0,0,0,0,-0
0,-8.3267e-017,3.3307e-016,-14.037,0,0
0,0,0,0,0,-0
0,-1.1102e-016,1.1102e-016,-45.003,0,0
0,0,0,0,0,-0
0,2.7756e-016,1.1102e-016,-21.803,0,-0
0,0,0,0,0,-0
2.2204e-016,-5.5511e-017,1.1102e-016,-26.567,0,0
0,0,0,0,0,-0
0,-5.5511e-017,0,0,0,0
0,0,0,0,0,-0
0,-2.7756e-017,0,0,0,0
0,0,0,0,0,-0
0,-5.5511e-017,0,0,0,0
0,0,0,0,0,-0
0,-2.7756e-017,0,0,0,0
0,0,0,0,0,-0
0,-2.7756e-017,0,0,0,0
0,0,0,0,0,-0
0,3.0531e-016,1.1102e-016,-19.985,0,-0
0,0,0,0,0,-0
0,-2.7756e-017,0,0,0,0
0,0,0,0,0,-0
0,0,0,0,0,-0
0,0,0,0,0,-0
2.2204e-016,-2.7756e-017,-1.1102e-016,14.037,-0,0
0,0,0,0,0,-0
-2.2204e-016,2.7756e-017,0,0,0,-0
0,0,0,0,0,-0
0,5.5511e-017,-3.3307e-016,-9.463,-0,0
0,0,0,0,0,-0
-2.2204e-016,2.7756e-017,2.2204e-016,7.1255,0,0
0,0,0,0,0,-0
0,5.5511e-017,-3.3307e-016,-9.463,-0,0
0,0,0,0,0,-0
-2.2204e-016,1.1102e-016,-3.3307e-016,-18.436,-0,0
0,0,0,0,0,-0
-2.2204e-016,-3.0531e-016,-2.2204e-016,-36.03,0,0
0,0,0,0,0,-0
-2.2204e-016,5.5511e-017,-4.4409e-016,-7.1255,-0,0
0,0,0,0,0,-0
-2.2204e-016,5.5511e-017,-4.4409e-016,-7.1255,-0,0
0,0,0,0,0,-0
-2.2204e-016,5.5511e-017,-2.2204e-016,-14.037,-0,0
0,0,0,0,0,-0
2.2204e-016,1.1102e-016,-4.4409e-016,-14.037,-0,0
0,0,0,0,0,-0
0,8.3267e-017,1.1102e-016,36.873,0,0
0,0,0,0,0,-0
0,8.3267e-017,0,0,0,-0
0,0,0,0,0,-0
0,-2.7756e-016,0,0,0,0
0,0,0,0,0,-0
0,8.3267e-017,0,0,0,-0
0,0,0,0,0,-0
0,1.3878e-016,-2.2204e-016,-32.008,-0,0
0,0,0,0,0,-0
-2.2204e-016,1.3878e-016,1.1102e-016,-38.663,0,-0
0,0,0,0,0,-0
0,-2.498e-016,-2.2204e-016,-41.637,0,0
0,0,0,0,0,-0
0,1.1102e-016,0,0,0,-0
0,0,0,0,0,-0
0,1.3878e-016,-3.3307e-016,-22.622,-0,0
0,0,0,0,0,-0
-2.2204e-016,-1.9429e-016,-1.1102e-016,-29.747,0,0
0,0,0,0,0,-0
0,1.9429e-016,-3.3307e-016,-30.259,-0,0
0,0,0,0,0,-0
0,-1.6653e-016,0,0,0,0
0,0,0,0,0,-0
0,1.9429e-016,0,0,0,-0
0,0,0,0,0,-0
0,-1.6653e-016,0,0,0,0
0,0,0,0,0,-0
2.2204e-016,2.7756e-017,-2.2204e-016,-7.1255,-0,0
0,0,0,0,0,-0
0,2.7756e-017,3.3307e-016,4.764,0,0
0,0,0,0,0,-0
2.2204e-016,5.5511e-017,1.1102e-016,26.567,0,0
0,0,0,0,0,-0
2.2204e-016,2.7756e-017,0,0,0,-0
0,0,0,0,0,-0
0,5.5511e-017,3.3307e-016,9.463,0,0
0,0,0,0,0,-0
2.2204e-016,5.5511e-017,0,0,0,-0
0,0,0,0,0,-0
0,5.5511e-017,3.3307e-016,9.463,0,0
0,0,0,0,0,-0
2.2204e-016,8.3267e-017,1.1102e-016,36.873,0,0
0,0,0,0,0,-0
2.2204e-016,5.5511e-017,1.1102e-016,26.567,0,0
0,0,0,0,0,-0
2.2204e-016,8.3267e-017,2.2204e-016,20.558,0,0
0,0,0,0,0,-0
2.2204e-016,-3.0531e-016,2.2204e-016,36.03,0,0
0,0,0,0,0,-0
0,8.3267e-017,2.2204e-016,20.558,0,0
0,0,0,0,0,-0
2.2204e-016,1.1102e-016,1.1102e-016,-45.003,0,-0
0,0,0,0,0,-0
2.2204e-016,8.3267e-017,3.3307e-016,14.037,0,0
0,0,0,0,0,-0
2.2204e-016,8.3267e-017,2.2204e-016,20.558,0,0
0,0,0,0,0,-0
2.2204e-016,8.3267e-017,2.2204e-016,20.558,0,0
0,0,0,0,0,-0
2.2204e-016,8.3267e-017,2.2204e-016,20.558,0,0
0,0,0,0,0,-0
2.2204e-016,-2.7756e-016,2.2204e-016,38.663,0,0
0,0,0,0,0,-0
0,1.1102e-016,4.4409e-016,14.037,0,0
0,0,0,0,0,-0
0,8.3267e-017,-1.1102e-016,-36.873,-0,0
0,0,0,0,0,-0
-2.2204e-016,1.1102e-016,1.1102e-016,-45.003,0,-0
0,0,0,0,0,-0
-2.2204e-016,-2.7756e-016,-2.2204e-016,-38.663,0,0
0,0,0,0,0,-0
2.2204e-016,1.6653e-016,-2.2204e-016,-36.873,-0,0
0,0,0,0,0,-0
-2.2204e-016,1.1102e-016,3.3307e-016,18.436,0,0
0,0,0,0,0,-0
0,-2.2204e-016,-1.1102e-016,-26.567,0,0
0,0,0,0,0,-0
0,1.1102e-016,-2.2204e-016,-26.567,-0,0
0,0,0,0,0,-0
0,1.3878e-016,2.2204e-016,32.008,0,0
0,0,0,0,0,-0
-2.2204e-016,-2.2204e-016,-1.1102e-016,-26.567,0,0
0,0,0,0,0,-0
2.2204e-016,1.3878e-016,-1.1102e-016,38.663,0,-0
0,0,0,0,0,-0
-2.2204e-016,-2.2204e-016,2.2204e-016,-45.003,0,0
0,0,0,0,0,-0
-2.2204e-016,1.3878e-016,-3.3307e-016,-22.622,-0,0
0,0,0,0,0,-0
0,-2.2204e-016,-1.1102e-016,-26.567,0,0
0,0,0,0,0,-0
-2.2204e-016,1.6653e-016,0,0,0,-0
0,0,0,0,0,-0
-2.2204e-016,-1.9429e-016,-1.1102e-016,-29.747,0,0
0,0,0,0,0,-0
2.2204e-016,1.9429e-016,-1.1102e-016,29.747,0,-0
0,0,0,0,0,-0
-2.2204e-016,-1.6653e-016,1.1102e-016,33.693,0,0
0,0,0,0,0,-0
0,2.2204e-016,0,0,0,-0
0,0,0,0,0,-0
0,-1.6653e-016,-1.1102e-016,-33.693,0,0
0,0,0,0,0,-0
0,2.2204e-016,0,0,0,-0
0,0,0,0,0,-0
-2.2204e-016,-1.3878e-016,0,0,0,0
0,0,0,0,0,-0
0,-1.6653e-016,-1.1102e-016,-33.693,0,0
0,0,0,0,0,-0
2.2204e-016,2.498e-016,1.1102e-016,-23.964,0,-0
0,0,0,0,0,-0
0,-1.3878e-016,1.1102e-016,38.663,0,0
0,0,0,0,0,-0
2.2204e-016,2.498e-016,3.3307e-016,36.873,0,0
0,0,0,0,0,-0
0,-1.3878e-016,2.2204e-016,-32.008,0,0
0,0,0,0,0,-0
0,-1.3878e-016,0,0,0,0
0,0,0,0,0,-0
2.2204e-016,2.7756e-016,0,0,0,-0
0,0,0,0,0,-0
0,-1.1102e-016,3.3307e-016,-18.436,0,0
0,0,0,0,0,-0
2.2204e-016,-1.1102e-016,1.1102e-016,-45.003,0,0
0,0,0,0,0,-0
2.2204e-016,2.7756e-016,0,0,0,-0
0,0,0,0,0,-0
2.2204e-016,-1.1102e-016,4.4409e-016,-14.037,0,0
0,0,0,0,0,-0
2.2204e-016,-2.7756e-017,-2.2204e-016,7.1255,-0,0
0,0,0,0,0,-0
0,-2.7756e-017,3.3307e-016,-4.764,0,0
0,0,0,0,0,-0
2.2204e-016,-5.5511e-017,1.1102e-016,-26.567,0,0
0,0,0,0,0,-0
2.2204e-016,-2.7756e-017,0,0,0,0
0,0,0,0,0,-0
0,-5.5511e-017,3.3307e-016,-9.463,0,0
0,0,0,0,0,-0
2.2204e-016,-5.5511e-017,0,0,0,0
0,0,0,0,0,-0
0,-5.5511e-017,3.3307e-016,-9.463,0,0
0,0,0,0,0,-0
2.2204e-016,-8.3267e-017,1.1102e-016,-36.873,0,0
0,0,0,0,0,-0
2.2204e-016,-5.5511e-017,1.1102e-016,-26.567,0,0
0,0,0,0,0,-0
2.2204e-016,-8.3267e-017,2.2204e-016,-20.558,0,0
0,0,0,0,0,-0
2.2204e-016,3.0531e-016,2.2204e-016,-36.03,0,-0
0,0,0,0,0,-0
0,-8.3267e-017,2.2204e-016,-20.558,0,0
0,0,0,0,0,-0
2.2204e-016,-1.1102e-016,1.1102e-016,-45.003,0,0
0,0,0,0,0,-0
2.2204e-016,-8.3267e-017,3.3307e-016,-14.037,0,0
0,0,0,0,0,-0
2.2204e-016,-8.3267e-017,2.2204e-016,-20.558,0,0
0,0,0,0,0,-0
2.2204e-016,-8.3267e-017,2.2204e-016,-20.558,0,0
0,0,0,0,0,-0
2.2204e-016,-8.3267e-017,2.2204e-016,-20.558,0,0
0,0,0,0,0,-0
2.2204e-016,2.7756e-016,2.2204e-016,-38.663,0,-0
0,0,0,0,0,-0
0,-1.1102e-016,4.4409e-016,-14.037,0,0
0,0,0,0,0,-0
0,-8.3267e-017,-1.1102e-016,36.873,-0,0
0,0,0,0,0,-0
-2.2204e-016,-1.1102e-016,1.1102e-016,-45.003,0,0
0,0,0,0,0,-0
-2.2204e-016,2.7756e-016,-2.2204e-016,38.663,0,-0
0,0,0,0,0,-0
2.2204e-016,-1.6653e-016,-2.2204e-016,36.873,-0,0
0,0,0,0,0,-0
-2.2204e-016,-1.1102e-016,3.3307e-016,-18.436,0,0
0,0,0,0,0,-0
0,2.2204e-016,-1.1102e-016,26.567,0,-0
0,0,0,0,0,-0
0,-1.1102e-016,-2.2204e-016,26.567,-0,0
0,0,0,0,0,-0
0,-1.3878e-016,2.2204e-016,-32.008,0,0
0,0,0,0,0,-0
-2.2204e-016,2.2204e-016,-1.1102e-016,26.567,0,-0
0,0,0,0,0,-0
2.2204e-016,-1.3878e-016,-1.1102e-016,-38.663,0,0
0,0,0,0,0,-0
-2.2204e-016,2.2204e-016,2.2204e-016,-45.003,0,-0
0,0,0,0,0,-0
-2.2204e-016,-1.3878e-016,-3.3307e-016,22.622,-0,0
0,0,0,0,0,-0
0,2.2204e-016,-1.1102e-016,26.567,0,-0
0,0,0,0,0,-0
-2.2204e-016,-1.6653e-016,0,0,0,0
0,0,0,0,0,-0
-2.2204e-016,1.9429e-016,-1.1102e-016,29.747,0,-0
0,0,0,0,0,-0
2.2204e-016,-1.9429e-016,-1.1102e-016,-29.747,0,0
0,0,0,0,0,-0
-2.2204e-016,1.6653e-016,1.1102e-016,-33.693,0,-0
0,0,0,0,0,-0
0,-2.2204e-016,0,0,0,0
0,0,0,0,0,-0
0,1.6653e-016,-1.1102e-016,33.693,0,-0
0,0,0,0,0,-0
0,-2.2204e-016,0,0,0,0
0,0,0,0,0,-0
-2.2204e-016,1.3878e-016,0,0,0,-0
0,0,0,0,0,-0
0,1.6653e-016,-1.1102e-016,33.693,0,-0
0,0,0,0,0,-0
2.2204e-016,-2.498e-016,1.1102e-016,23.964,0,0
0,0,0,0,0,-0
0,1.3878e-016,1.1102e-016,-38.663,0,-0
0,0,0,0,0,-0
2.2204e-016,-2.498e-016,3.3307e-016,-36.873,0,0
0,0,0,0,0,-0
0,1.3878e-016,2.2204e-016,32.008,0,0
0,0,0,0,0,-0
0,1.3878e-016,0,0,0,-0
0,0,0,0,0,-0
2.2204e-016,-2.7756e-016,0,0,0,0
0,0,0,0,0,-0
0,1.1102e-016,3.3307e-016,18.436,0,0
0,0,0,0,0,-0
2.2204e-016,1.1102e-016,1.1102e-016,-45.003,0,-0
0,0,0,0,0,-0
2.2204e-016,-2.7756e-016,0,0,0,0
0,0,0,0,0,-0
2.2204e-016,1.1102e-016,4.4409e-016,14.037,0,0
0,0,0,0,0,-0
0,-1.6653e-016,-1.1102e-016,-33.693,0,0
0,0,0,0,0,-0
0,-1.6653e-016,-2.2204e-016,36.873,-0,0
0,0,0,0,0,-0
0,2.7756e-016,0,0,0,-0
0,0,0,0,0,-0
0,-1.1102e-016,0,0,0,0
0,0,0,0,0,-0
0,-1.1102e-016,-1.1102e-016,45.003,-0,0
0,0,0,0,0,-0
0,2.7756e-016,0,0,0,-0
0,0,0,0,0,-0
0,-1.6653e-016,0,0,0,0
0,0,0,0,0,-0
0,-1.1102e-016,2.2204e-016,-26.567,0,0
0,0,0,0,0,-0
0,2.7756e-016,1.1102e-016,-21.803,0,-0
0,0,0,0,0,-0
0,-1.1102e-016,-4.4409e-016,14.037,-0,0
0,0,0,0,0,-0
0,-5.5511e-017,1.1102e-016,-26.567,0,0
0,0,0,0,0,-0
2.2204e-016,-1.1102e-016,1.1102e-016,-45.003,0,0
0,0,0,0,0,-0
0,-1.1102e-016,1.1102e-016,-45.003,0,0
0,0,0,0,0,-0
0,2.7756e-016,1.1102e-016,-21.803,0,-0
0,0,0,0,0,-0
0,-5.5511e-017,1.1102e-016,-26.567,0,0
0,0,0,0,0,-0
2.2204e-016,-5.5511e-017,1.1102e-016,-26.567,0,0
0,0,0,0,0,-0
0,-5.5511e-017,3.3307e-016,-9.463,0,0
0,0,0,0,0,-0
2.2204e-016,-5.5511e-017,0,0,0,0
0,0,0,0,0,-0
0,-5.5511e-017,1.1102e-016,-26.567,0,0
0,0,0,0,0,-0
0,-5.5511e-017,2.2204e-016,-14.037,0,0
0,0,0,0,0,-0
2.2204e-016,-5.5511e-017,0,0,0,0
0,0,0,0,0,-0
2.2204e-016,0,2.2204e-016,0,0,0
0,0,0,0,0,-0
2.2204e-016,0,2.2204e-016,0,0,0
0,0,0,0,0,-0
2.2204e-016,-5.5511e-017,2.2204e-016,-14.037,0,0
0,0,0,0,0,-0
0,0,1.1102e-016,0,0,0
0,0,0,0,0,-0
0,0,1.1102e-016,0,0,0
0,0,0,0,0,-0
0,0,3.3307e-016,0,0,0
0,0,0,0,0,-0
0,5.5511e-017,-1.1102e-016,-26.567,-0,0
0,0,0,0,0,-0
0,5.5511e-017,-2.2204e-016,-14.037,-0,0
0,0,0,0,0,-0
2.2204e-016,5.5511e-017,0,0,0,-0
0,0,0,0,0,-0
0,-3.3307e-016,1.1102e-016,18.436,0,0
0,0,0,0,0,-0
2.2204e-016,5.5511e-017,-1.1102e-016,-26.567,-0,0
0,0,0,0,0,-0
0,5.5511e-017,1.1102e-016,26.567,0,0
0,0,0,0,0,-0
0,1.1102e-016,-1.1102e-016,45.003,0,-0
0,0,0,0,0,-0
0,-3.3307e-016,0,0,0,0
0,0,0,0,0,-0
4.4409e-016,1.1102e-016,1.1102e-016,-45.003,0,-0
0,0,0,0,0,-0
-2.2204e-016,-2.7756e-016,3.3307e-016,-39.809,0,0
0,0,0,0,0,-0
-2.2204e-016,1.6653e-016,-1.1102e-016,33.693,0,-0
0,0,0,0,0,-0
0,2.2204e-016,-4.4409e-016,-26.567,-0,0
0,0,0,0,0,-0
0,2.2204e-016,-3.3307e-016,-33.693,-0,0
0,0,0,0,0,-0
0,-2.2204e-016,0,0,0,0
0,0,0,0,0,-0
0,1.6653e-016,-1.1102e-016,33.693,0,-0
0,0,0,0,0,-0
0,-1.6653e-016,-1.1102e-016,-33.693,0,0
0,0,0,0,0,-0
0,2.2204e-016,-1.1102e-016,26.567,0,-0
0,0,0,0,0,-0
0,-2.2204e-016,-2.2204e-016,45.003,-0,0
0,0,0,0,0,-0
0,2.2204e-016,0,0,0,-0
0,0,0,0,0,-0
4.4409e-016,-1.6653e-016,-1.1102e-016,-33.693,0,0
0,0,0,0,0,-0
0,-1.1102e-016,2.2204e-016,-26.567,0,0
0,0,0,0,0,-0
0,-1.1102e-016,1.1102e-016,-45.003,0,0
0,0,0,0,0,-0
2.2204e-016,3.3307e-016,1.1102e-016,-18.436,0,-0
0,0,0,0,0,-0
0,-5.5511e-017,1.1102e-016,-26.567,0,0
0,0,0,0,0,-0
0,-1.1102e-016,1.1102e-016,-45.003,0,0
0,0,0,0,0,-0
0,-1.1102e-016,1.1102e-016,-45.003,0,0
0,0,0,0,0,-0
0,-2.2204e-016,0,0,0,0
0,0,0,0,0,-0
0,-4.4409e-016,-1.1102e-016,-14.037,0,0
0,0,0,0,0,-0
0,4.4409e-016,-4.4409e-016,45.003,0,-0
0,0,0,0,0,-0
0,-2.2204e-016,0,0,0,0
0,0,0,0,0,-0
0,-4.4409e-016,-1.1102e-016,-14.037,0,0
0,0,0,0,0,-0
0,0,-3.3307e-016,0,-0,0
0,0,0,0,0,-0
0,0,0,0,0,-0
0,0,0,0,0,-0
0,0,0,0,0,-0
0,0,0,0,0,-0
0,0,0,0,0,-0
0,0,0,0,0,-0
0,-1.1102e-016,-1.1102e-016,45.003,-0,0
0,0,0,0,0,-0
0,-1.1102e-016,-1.1102e-016,45.003,-0,0
0,0,0,0,0,-0
0,-1.1102e-016,-1.1102e-016,45.003,-0,0
0,0,0,0,0,-0
0,-4.4409e-016,-2.2204e-016,-26.567,0,0
0,0,0,0,0,-0
0,0,-3.3307e-016,0,-0,0
0,0,0,0,0,-0
0,0,-1.1102e-016,0,-0,0
0,0,0,0,0,-0
0,1.1102e-016,-1.1102e-016,45.003,0,-0
0,0,0,0,0,-0
0,2.2204e-016,1.1102e-016,-26.567,0,-0
0,0,0,0,0,-0
0,-5.5511e-016,0,0,0,0
0,0,0,0,0,-0
0,-1.1102e-016,-4.4409e-016,14.037,-0,0
0,0,0,0,0,-0
0,-1.1102e-016,-1.1102e-016,45.003,-0,0
0,0,0,0,0,-0
4.4409e-016,-2.2204e-016,-3.3307e-016,33.693,-0,0
0,0,0,0,0,-0
0,-2.2204e-016,-1.1102e-016,-26.567,0,0
0,0,0,0,0,-0
4.4409e-016,-2.2204e-016,-3.3307e-016,33.693,-0,0
0,0,0,0,0,-0
0,-2.2204e-016,-1.1102e-016,-26.567,0,0
0,0,0,0,0,-0
4.4409e-016,-4.4409e-016,-3.3307e-016,-36.873,0,0
0,0,0,0,0,-0
0,-4.4409e-016,-2.2204e-016,-26.567,0,0
0,0,0,0,0,-0
0,-6.6613e-016,-5.5511e-016,-39.809,0,0
0,0,0,0,0,-0
4.4409e-016,0,1.1102e-016,0,0,0
0,0,0,0,0,-0
0,-7.7716e-016,-5.5511e-016,-35.54,0,0
0,0,0,0,0,-0
0,-2.2204e-016,-3.3307e-016,33.693,-0,0
0,0,0,0,0,-0
0,6.6613e-016,1.1102e-016,-9.463,0,-0
0,0,0,0,0,-0
0,-2.2204e-016,1.1102e-016,26.567,0,0
0,0,0,0,0,-0
0,-2.2204e-016,1.1102e-016,26.567,0,0
0,0,0,0,0,-0
0,-3.3307e-016,0,0,0,0
0,0,0,0,0,-0
-2.2204e-016,6.6613e-016,-1.1102e-016,9.463,0,-0
0,0,0,0,0,-0
0,-3.3307e-016,-2.2204e-016,-33.693,0,0
0,0,0,0,0,-0
0,3.3307e-016,1.1102e-016,-18.436,0,-0
0,0,0,0,0,-0
-2.2204e-016,-4.4409e-016,-1.1102e-016,-14.037,0,0
0,0,0,0,0,-0
0,2.2204e-016,-3.3307e-016,-33.693,-0,0
0,0,0,0,0,-0
0,2.2204e-016,5.5511e-016,21.803,0,0
0,0,0,0,0,-0
0,-5.5511e-016,0,0,0,0
0,0,0,0,0,-0
0,1.1102e-016,-3.3307e-016,-18.436,-0,0
0,0,0,0,0,-0
0,0,0,0,0,-0
0,0,0,0,0,-0
0,-1.1102e-016,0,0,0,0
0,0,0,0,0,-0
4.4409e-016,-1.1102e-016,-2.2204e-016,26.567,-0,0
0,0,0,0,0,-0
0,-9.992e-016,-1.1102e-016,-6.3407,0,0
0,0,0,0,0,-0
4.4409e-016,-1.1102e-016,-2.2204e-016,26.567,-0,0
0,0,0,0,0,-0
4.4409e-016,-1.1102e-016,-2.2204e-016,26.567,-0,0
0,0,0,0,0,-0
-2.2204e-016,-1.2212e-015,-1.1102e-016,-5.1948,0,0
0,0,0,0,0,-0
0,2.2204e-016,0,-45.003,125.27,0
0,0,0,0,0,-0
-2.2204e-016,-2.2204e-016,2.2204e-016,45.003,0,125.27
0,0,0,0,0,-0
0,2.2204e-016,-2.2204e-016,-45.003,125.27,0
0,0,0,0,0,-0
-2.2204e-016,0,0,-45.003,125.27,0
0,0,0,0,0,-0
2.2204e-016,0,0,-45.003,125.27,0
0,0,0,0,0,-0
0,0,0,-45.003,125.27,0
0,0,0,0,0,-0
0,2.2204e-016,-2.2204e-016,45.003,0,125.27
0,0,0,0,0,-0
-4.4409e-016,0,0,45.003,0,125.27
0,0,0,0,0,-0
0,0,0,45.003,0,125.27
0,0,0,0,0,-0
0,0,0,45.003,0,125.27
0,0,0,0,0,-0
0,0,0,45.003,0,125.27
0,0,0,0,0,-0
-2.2204e-016,0,0,45.003,0,125.27
0,0,0,0,0,-0
0,0,0,45.003,0,125.27
0,0,0,0,0,-0
0,0,0,45.003,0,125.27
0,0,0,0,0,-0
-2.2204e-016,2.2204e-016,-2.2204e-016,-45.003,125.27,0
0,0,0,0,0,-0
-2.2204e-016,0,0,-45.003,125.27,0
0,0,0,0,0,-0
0,0,0,-45.003,125.27,0
0,0,0,0,0,-0
2.2204e-016,2.2204e-016,-2.2204e-016,45.003,0,125.27
0,0,0,0,0,-0
0,-2.2204e-016,2.2204e-016,-45.003,125.27,0
0,0,0,0,0,-0
-2.2204e-016,0,0,-45.003,125.27,0
0,0,0,0,0,-0
-2.2204e-016,0,0,-45.003,125.27,0
0,0,0,0,0,-0
2.2204e-016,2.2204e-016,-2.2204e-016,45.003,0,125.27
0,0,0,0,0,-0
-2.2204e-016,0,0,45.003,0,125.27
0,0,0,0,0,-0
0,0,0,45.003,0,125.27
0,0,0,0,0,-0
0,0,0,45.003,0,125.27
0,0,0,0,0,-0
0,0,0,45.003,0,125.27
0,0,0,0,0,-0
-2.2204e-016,0,0,45.003,0,125.27
0,0,0,0,0,-0
0,0,0,45.003,0,125.27
0,0,0,0,0,-0
0,2.2204e-016,-2.2204e-016,-45.003,125.27,0
0,0,0,0,0,-0
-2.2204e-016,-2.2204e-016,2.2204e-016,45.003,0,125.27
0,0,0,0,0,-0
0,2.2204e-016,-2.2204e-016,-45.003,125.27,0
0,0,0,0,0,-0
0,2.2204e-016,-2.2204e-016,45.003,0,125.27
0,0,0,0,0,-0
-2.2204e-016,-2.2204e-016,2.2204e-016,-45.003,125.27,0
0,0,0,0,0,-0
0,0,0,-45.003,125.27,0
0,0,0,0,0,-0
0,0,0,-45.003,125.27,0
0,0,0,0,0,-0
-2.2204e-016,2.2204e-016,-2.2204e-016,45.003,0,125.27
0,0,0,0,0,-0
0,0,0,45.003,0,125.27
0,0,0,0,0,-0
0,0,0,45.003,0,125.27
0,0,0,0,0,-0
-2.2204e-016,0,0,45.003,0,125.27
0,0,0,0,0,-0
0,2.2204e-016,-2.2204e-016,45.003,0,125.27
0,0,0,0,0,-0
-2.2204e-016,0,0,45.003,0,125.27
0,0,0,0,0,-0
2.2204e-016,0,0,45.003,0,125.27
0,0,0,0,0,-0
2.2204e-016,-2.2204e-016,2.2204e-016,45.003,0,125.27
0,0,0,0,0,-0
-2.2204e-016,0,0,45.003,0,125.27
0,0,0,0,0,-0
-2.2204e-016,2.2204e-016,-2.2204e-016,45.003,0,125.27
0,0,0,0,0,-0
2.2204e-016,0,0,45.003,0,125.27
0,0,0,0,0,-0
2.2204e-016,0,0,45.003,0,125.27
0,0,0,0,0,-0
-2.2204e-016,0,0,45.003,0,125.27
0,0,0,0,0,-0
0,0,0,45.003,0,125.27
0,0,0,0,0,-0
-4.4409e-016,-2.2204e-016,2.2204e-016,45.003,0,125.27
0,0,0,0,0,-0
4.4409e-016,2.2204e-016,-2.2204e-016,45.003,0,125.27
0,0,0,0,0,-0
0,1.6653e-016,0,7.3397,-122.94,0
0,0,0,0,0,-0
0,-2.7756e-017,0,7.3397,-122.94,0
0,0,0,0,0,-0
0,2.7756e-017,-2.2204e-016,7.3397,-122.94,0
0,0,0,0,0,-0
0,-2.7756e-017,0,7.3397,-122.94,0
0,0,0,0,0,-0
1.1102e-016,2.7756e-017,0,7.3397,-122.94,0
0,0,0,0,0,-0
0,0,2.2204e-016,7.3397,-122.94,0
0,0,0,0,0,-0
0,0,0,7.3397,-122.94,0
0,0,0,0,0,-0
2.2204e-016,0,0,7.3397,-122.94,0
0,0,0,0,0,-0
-3.3307e-016,-5.5511e-017,-2.2204e-016,7.3397,-122.94,0
0,0,0,0,0,-0
1.1102e-016,5.5511e-017,0,7.3397,-122.94,0
0,0,0,0,0,-0
0,0,0,7.3397,-122.94,0
0,0,0,0,0,-0
2.2204e-016,0,0,7.3397,-122.94,0
0,0,0,0,0,-0
0,0,0,7.3397,-122.94,0
0,0,0,0,0,-0
-2.2204e-016,0,0,7.3397,-122.94,0
0,0,0,0,0,-0
2.2204e-016,2.7756e-017,0,7.3397,-122.94,0
0,0,0,0,0,-0
-2.2204e-016,-2.7756e-017,0,7.3397,-122.94,0
0,0,0,0,0,-0
2.2204e-016,0,0,7.3397,-122.94,0
0,0,0,0,0,-0
0,0,0,7.3397,-122.94,0
0,0,0,0,0,-0
0,0,0,7.3397,-122.94,0
0,0,0,0,0,-0
0,0,0,7.3397,-122.94,0
0,0,0,0,0,-0
-2.2204e-016,-2.7756e-017,0,7.3397,-122.94,0
0,0,0,0,0,-0
2.2204e-016,2.7756e-017,0,7.3397,-122.94,0
0,0,0,0,0,-0
0,0,0,7.3397,-122.94,0
0,0,0,0,0,-0
0,0,0,7.3397,-122.94,0
0,0,0,0,0,-0
0,0,0,7.3397,-122.94,0
0,0,0,0,0,-0
1.1102e-016,2.7756e-017,0,7.3397,-122.94,0
0,0,0,0,0,-0
-1.1102e-016,-2.7756e-017,0,7.3397,-122.94,0
0,0,0,0,0,-0
1.1102e-016,0,0,7.3397,-122.94,0
0,0,0,0,0,-0
0,0,0,7.3397,-122.94,0
0,0,0,0,0,-0
0,0,0,7.3397,-122.94,0
0,0,0,0,0,-0
0,0,0,7.3397,-122.94,0
0,0,0,0,0,-0
2.2204e-016,2.7756e-017,0,7.3397,-122.94,0
0,0,0,0,0,-0
-2.2204e-016,-2.7756e-017,0,7.3397,-122.94,0
0,0,0,0,0,-0
0,0,-2.2204e-016,7.3397,-122.94,0
0,0,0,0,0,-0
0,0,0,7.3397,-122.94,0
0,0,0,0,0,-0
0,0,2.2204e-016,7.3397,-122.94,0
0,0,0,0,0,-0
2.2204e-016,0,0,7.3397,-122.94,0
0,0,0,0,0,-0
-2.2204e-016,0,-2.2204e-016,7.3397,-122.94,0
0,0,0,0,0,-0
2.2204e-016,0,2.2204e-016,7.3397,-122.94,0
0,0,0,0,0,-0
-2.2204e-016,0,-2.2204e-016,7.3397,-122.94,0
0,0,0,0,0,-0
0,0,0,7.3397,-122.94,0
0,0,0,0,0,-0
2.2204e-016,0,2.2204e-016,7.3397,-122.94,0
0,0,0,0,0,-0
0,0,0,7.3397,-122.94,0
0,0,0,0,0,-0
0,0,-2.2204e-016,7.3397,-122.94,0
0,0,0,0,0,-0
1.1102e-016,0,0,7.3397,-122.94,0
0,0,0,0,0,-0
-1.1102e-016,0,0,7.3397,-122.94,0
0,0,0,0,0,-0
0,0,0,7.3397,-122.94,0
0,0,0,0,0,-0
1.1102e-016,0,0,7.3397,-122.94,0
0,0,0,0,0,-0
0,0,0,7.3397,-122.94,0
0,0,0,0,0,-0
0,0,0,7.3397,-122.94,0
0,0,0,0,0,-0
1.1102e-016,2.7756e-017,0,7.3397,-122.94,0
-0.39486,-2.1479,-2.3627,42.277,-63.316,0
0,2.2204e-016,0,-45.003,125.27,0
0.0077505,0.007062,0.0077682,42.277,-63.13,0
-2.2204e-016,-2.2204e-016,2.2204e-016,45.003,0,125.27
0.0078193,0.0072238,0.0079461,42.277,-62.939,0
0,2.2204e-016,-2.2204e-016,-45.003,125.27,0
0.0078876,0.0073904,0.0081295,42.277,-62.745,0
-2.2204e-016,0,0,-45.003,125.27,0
0.0079552,0.0075622,0.0083184,42.277,-62.548,0
2.2204e-016,0,0,-45.003,125.27,0
0.0080219,0.0077392,0.0085131,42.277,-62.347,0
0,0,0,-45.003,125.27,0
0.0080878,0.0079216,0.0087138,42.277,-62.143,0
0,2.2204e-016,-2.2204e-016,45.003,0,125.27
0.0081525,0.0081097,0.0089206,42.277,-61.934,0
-4.4409e-016,0,0,45.003,0,125.27
0.008216,0.0083036,0.0091339,42.277,-61.722,0
0,0,0,45.003,0,125.27
0.0082779,0.0085035,0.0093539,42.277,-61.505,0
0,0,0,45.003,0,125.27
0.0083382,0.0087097,0.0095806,42.277,-61.285,0
0,0,0,45.003,0,125.27
0.0083966,0.0089223,0.0098145,42.277,-61.06,0
-2.2204e-016,0,0,45.003,0,125.27
0.0084528,0.0091415,0.010056,42.277,-60.831,0
0,0,0,45.003,0,125.27
0.0085066,0.0093676,0.010304,42.277,-60.597,0
0,0,0,45.003,0,125.27
0.0085577,0.0096009,0.010561,42.277,-60.358,0
-2.2204e-016,2.2204e-016,-2.2204e-016,-45.003,125.27,0
0.0086058,0.0098414,0.010826,42.277,-60.115,0
-2.2204e-016,0,0,-45.003,125.27,0
0.0086505,0.01009,0.011098,42.277,-59.867,0
0,0,0,-45.003,125.27,0
0.0086916,0.010345,0.01138,42.277,-59.614,0
2.2204e-016,2.2204e-016,-2.2204e-016,45.003,0,125.27
0.0087286,0.010609,0.01167,42.277,-59.356,0
0,-2.2204e-016,2.2204e-016,-45.003,125.27,0
0.0087611,0.010882,0.01197,42.277,-59.092,0
-2.2204e-016,0,0,-45.003,125.27,0
0.0087887,0.011162,0.012279,42.277,-58.823,0
-2.2204e-016,0,0,-45.003,125.27,0
0.0088109,0.011452,0.012597,42.277,-58.549,0
2.2204e-016,2.2204e-016,-2.2204e-016,45.003,0,125.27
0.0088272,0.011751,0.012926,42.277,-58.268,0
-2.2204e-016,0,0,45.003,0,125.27
0.008837,0.012058,0.013264,42.277,-57.982,0
0,0,0,45.003,0,125.27
0.0088397,0.012376,0.013613,42.277,-57.69,0
0,0,0,45.003,0,125.27
0.0088348,0.012703,0.013973,42.277,-57.391,0
0,0,0,45.003,0,125.27
0.0088215,0.01304,0.014344,42.277,-57.086,0
-2.2204e-016,0,0,45.003,0,125.27
0.0087991,0.013387,0.014726,42.277,-56.774,0
0,0,0,45.003,0,125.27
0.0087668,0.013745,0.015119,42.277,-56.456,0
0,2.2204e-016,-2.2204e-016,-45.003,125.27,0
0.0087238,0.014113,0.015524,42.277,-56.13,0
-2.2204e-016,-2.2204e-016,2.2204e-016,45.003,0,125.27
0.0086693,0.014492,0.015941,42.277,-55.798,0
0,2.2204e-016,-2.2204e-016,-45.003,125.27,0
0.0086022,0.014882,0.01637,42.277,-55.458,0
0,2.2204e-016,-2.2204e-016,45.003,0,125.27
0.0085216,0.015283,0.016812,42.277,-55.11,0
-2.2204e-016,-2.2204e-016,2.2204e-016,-45.003,125.27,0
0.0084264,0.015696,0.017265,42.277,-54.755,0
0,0,0,-45.003,125.27,0
0.0083156,0.016119,0.017731,42.277,-54.391,0
0,0,0,-45.003,125.27,0
0.0081878,0.016554,0.01821,42.277,-54.02,0
-2.2204e-016,2.2204e-016,-2.2204e-016,45.003,0,125.27
0.0080419,0.017,0.0187,42.277,-53.64,0
0,0,0,45.003,0,125.27
0.0078766,0.017458,0.019203,42.277,-53.251,0
0,0,0,45.003,0,125.27
0.0076905,0.017926,0.019719,42.277,-52.854,0
-2.2204e-016,0,0,45.003,0,125.27
0.0074821,0.018406,0.020246,42.277,-52.448,0
0,2.2204e-016,-2.2204e-016,45.003,0,125.27
0.0072499,0.018896,0.020785,42.277,-52.032,0
-2.2204e-016,0,0,45.003,0,125.27
0.0069923,0.019396,0.021336,42.277,-51.607,0
2.2204e-016,0,0,45.003,0,125.27
0.0067079,0.019906,0.021897,42.277,-51.172,0
2.2204e-016,-2.2204e-016,2.2204e-016,45.003,0,125.27
0.0063948,0.020426,0.022468,42.277,-50.728,0
-2.2204e-016,0,0,45.003,0,125.27
0.0060513,0.020954,0.02305,42.277,-50.273,0
-2.2204e-016,2.2204e-016,-2.2204e-016,45.003,0,125.27
0.0056758,0.02149,0.02364,42.277,-49.808,0
2.2204e-016,0,0,45.003,0,125.27
0.0052665,0.022034,0.024237,42.277,-49.333,0
2.2204e-016,0,0,45.003,0,125.27
0.0048217,0.022583,0.024841,42.277,-48.847,0
-2.2204e-016,0,0,45.003,0,125.27
0.0043394,0.023137,0.025451,42.277,-48.351,0
0,0,0,45.003,0,125.27
0.0038182,0.023695,0.026064,42.277,-47.843,0
-4.4409e-016,-2.2204e-016,2.2204e-016,45.003,0,125.27
0.0032562,0.024254,0.026679,42.277,-47.324,0
4.4409e-016,2.2204e-016,-2.2204e-016,45.003,0,125.27
-2,-1.3453,-1.4799,42.277,-90.007,0
1.1547,1.1547,-1.1547,0,0,NaN
0,2.2204e-016,2.2204e-016,42.277,-90.007,0
0,0,0,0,0,NaN
0,0,2.2204e-016,42.277,-90.007,0
0,0,0,0,0,NaN
0,0,-4.4409e-016,42.277,-90.007,0
0,0,0,0,0,NaN
0,0,0,42.277,-90.007,0
0,0,0,0,0,NaN
0,2.2204e-016,2.2204e-016,42.277,-90.007,0
0,0,0,0,0,NaN
0,-2.2204e-016,-2.2204e-016,42.277,-90.007,0
0,0,0,0,0,NaN
0,0,0,42.277,-90.007,0
0,0,0,0,0,NaN
0,2.2204e-016,0,42.277,-90.007,0
0,0,0,0,0,NaN
0,2.2204e-016,2.2204e-016,42.277,-90.007,0
0,0,0,0,0,NaN
0,-2.2204e-016,-2.2204e-016,42.277,-90.007,0
0,0,0,0,0,NaN
0,-2.2204e-016,-2.2204e-016,42.277,-90.007,0
0,0,0,0,0,NaN
0,2.2204e-016,0,42.277,-90.007,0
0,0,0,0,0,NaN
0,2.2204e-016,2.2204e-016,42.277,-90.007,0
0,0,0,0,0,NaN
0,-2.2204e-016,-2.2204e-016,42.277,-90.007,0
0,0,0,0,0,NaN
0,-2.2204e-016,-2.2204e-016,42.277,-90.007,0
0,0,0,0,0,NaN
0,4.4409e-016,4.4409e-016,42.277,-90.007,0
0,0,0,0,0,NaN
0,-4.4409e-016,-2.2204e-016,42.277,-90.007,0
0,0,0,0,0,NaN
0,2.2204e-016,4.4409e-016,42.277,-90.007,0
0,0,0,0,0,NaN
0,-2.2204e-016,-2.2204e-016,42.277,-90.007,0
0,0,0,0,0,NaN
0,0,0,42.277,-90.007,0
0,0,0,0,0,NaN
0,2.2204e-016,4.4409e-016,42.277,-90.007,0
0,0,0,0,0,NaN
0,-4.4409e-016,-4.4409e-016,42.277,-90.007,0
0,0,0,0,0,NaN
0,4.4409e-016,2.2204e-016,42.277,-90.007,0
0,0,0,0,0,NaN
0,-2.2204e-016,-2.2204e-016,42.277,-90.007,0
0,0,0,0,0,NaN
0,0,0,42.277,-90.007,0
0,0,0,0,0,NaN
0,2.2204e-016,2.2204e-016,42.277,-90.007,0
0,0,0,0,0,NaN
0,-2.2204e-016,-2.2204e-016,42.277,-90.007,0
0,0,0,0,0,NaN
0,2.2204e-016,2.2204e-016,42.277,-90.007,0
0,0,0,0,0,NaN
0,-2.2204e-016,-2.2204e-016,42.277,-90.007,0
0,0,0,0,0,NaN
0,2.2204e-016,0,42.277,-90.007,0
0,0,0,0,0,NaN
0,-2.2204e-016,0,42.277,-90.007,0
0,0,0,0,0,NaN
0,-2.2204e-016,-2.2204e-016,42.277,-90.007,0
0,0,0,0,0,NaN
0,4.4409e-016,6.6613e-016,42.277,-90.007,0
0,0,0,0,0,NaN
0,-6.6613e-016,-6.6613e-016,42.277,-90.007,0
0,0,0,0,0,NaN
0,4.4409e-016,6.6613e-016,42.277,-90.007,0
0,0,0,0,0,NaN
0,0,-2.2204e-016,42.277,-90.007,0
0,0,0,0,0,NaN
0,0,-2.2204e-016,42.277,-90.007,0
0,0,0,0,0,NaN
0,2.2204e-016,2.2204e-016,42.277,-90.007,0
0,0,0,0,0,NaN
0,-2.2204e-016,0,42.277,-90.007,0
0,0,0,0,0,NaN
0,0,-2.2204e-016,42.277,-90.007,0
0,0,0,0,0,NaN
0,0,0,42.277,-90.007,0
0,0,0,0,0,NaN
0,0,4.4409e-016,42.277,-90.007,0
0,0,0,0,0,NaN
0,0,-2.2204e-016,42.277,-90.007,0
0,0,0,0,0,NaN
0,0,0,42.277,-90.007,0
0,0,0,0,0,NaN
0,0,-2.2204e-016,42.277,-90.007,0
0,0,0,0,0,NaN
0,0,-2.2204e-016,42.277,-90.007,0
0,0,0,0,0,NaN
0,0,4.4409e-016,42.277,-90.007,0
0,0,0,0,0,NaN
0,0,0,42.277,-90.007,0
0,0,0,0,0,NaN
0,0,2.2204e-016,42.277,-90.007,0
0,0,0,0,0,NaN
0,0,-2.2204e-016,42.277,-90.007,0
0,0,0,0,0,NaN
-2,0,-2,0,-90.007,0
1.1547,1.1547,-1.1547,0,0,NaN
0,0,0,0,-90.007,0
0,0,0,0,0,NaN
0,0,0,0,-90.007,0
0,0,0,0,0,NaN
0,0,0,0,-90.007,0
0,0,0,0,0,NaN
0,0,0,0,-90.007,0
0,0,0,0,0,NaN
0,0,0,0,-90.007,0
0,0,0,0,0,NaN
0,0,0,0,-90.007,0
0,0,0,0,0,NaN
0,0,0,0,-90.007,0
0,0,0,0,0,NaN
0,0,0,0,-90.007,0
0,0,0,0,0,NaN
0,0,0,0,-90.007,0
0,0,0,0,0,NaN
0,0,0,0,-90.007,0
0,0,0,0,0,NaN
0,0,0,0,-90.007,0
0,0,0,0,0,NaN
0,0,0,0,-90.007,0
0,0,0,0,0,NaN
0,0,0,0,-90.007,0
0,0,0,0,0,NaN
0,0,0,0,-90.007,0
0,0,0,0,0,NaN
0,0,0,0,-90.007,0
0,0,0,0,0,NaN
0,0,-4.4409e-016,0,-90.007,0
0,0,0,0,0,NaN
0,0,4.4409e-016,0,-90.007,0
0,0,0,0,0,NaN
0,0,0,0,-90.007,0
0,0,0,0,0,NaN
0,0,0,0,-90.007,0
0,0,0,0,0,NaN
0,0,0,0,-90.007,0
0,0,0,0,0,NaN
0,0,0,0,-90.007,0
0,0,0,0,0,NaN
0,0,2.2204e-016,0,-90.007,0
0,0,0,0,0,NaN
0,0,-6.6613e-016,0,-90.007,0
0,0,0,0,0,NaN
0,0,4.4409e-016,0,-90.007,0
0,0,0,0,0,NaN
0,0,0,0,-90.007,0
0,0,0,0,0,NaN
0,0,0,0,-90.007,0
0,0,0,0,0,NaN
0,0,0,0,-90.007,0
0,0,0,0,0,NaN
0,0,0,0,-90.007,0
0,0,0,0,0,NaN
0,0,0,0,-90.007,0
0,0,0,0,0,NaN
0,0,0,0,-90.007,0
0,0,0,0,0,NaN
0,0,0,0,-90.007,0
0,0,0,0,0,NaN
0,0,0,0,-90.007,0
0,0,0,0,0,NaN
0,0,0,0,-90.007,0
0,0,0,0,0,NaN
0,0,0,0,-90.007,0
0,0,0,0,0,NaN
0,0,0,0,-90.007,0
0,0,0,0,0,NaN
0,0,0,0,-90.007,0
0,0,0,0,0,NaN
0,0,2.2204e-016,0,-90.007,0
0,0,0,0,0,NaN
0,0,-2.2204e-016,0,-90.007,0
0,0,0,0,0,NaN
0,0,0,0,-90.007,0
0,0,0,0,0,NaN
0,0,0,0,-90.007,0
0,0,0,0,0,NaN
0,0,0,0,-90.007,0
0,0,0,0,0,NaN
0,0,0,0,-90.007,0
0,0,0,0,0,NaN
0,0,0,0,-90.007,0
0,0,0,0,0,NaN
0,0,0,0,-90.007,0
0,0,0,0,0,NaN
0,0,0,0,-90.007,0
0,0,0,0,0,NaN
0,0,0,0,-90.007,0
0,0,0,0,0,NaN
0,0,0,0,-90.007,0
0,0,0,0,0,NaN
0,0,0,0,-90.007,0
0,0,0,0,0,NaN
0,0,0,0,-90.007,0
0,0,0,0,0,NaN
0,0,0,0,-90.007,0
0,0,0,0,0,NaN
-2,0,-2,0,-90.007,0
1.1547,1.1547,-1.1547,0,0,NaN
0,0,0,0,-90.007,0
0,0,0,0,0,NaN
0,0,0,0,-90.007,0
0,0,0,0,0,NaN
0,0,0,0,-90.007,0
0,0,0,0,0,NaN
0,0,0,0,-90.007,0
0,0,0,0,0,NaN
0,0,0,0,-90.007,0
0,0,0,0,0,NaN
0,0,2.2204e-016,0,-90.007,0
0,0,0,0,0,NaN
0,0,-2.2204e-016,0,-90.007,0
0,0,0,0,0,NaN
0,0,-4.4409e-016,0,-90.007,0
0,0,0,0,0,NaN
0,0,4.4409e-016,0,-90.007,0
0,0,0,0,0,NaN
0,0,2,0,0,NaN
0,0,0,0,0,NaN
0,0,0,0,0,NaN
0,0,0,0,0,NaN
0,0,0,0,0,NaN
0,0,0,0,0,NaN
0,0,0,0,0,NaN
0,0,0,0,0,NaN
0,0,0,0,0,NaN
0,0,0,0,0,NaN
0,0,0,0,0,NaN
0,0,0,0,0,NaN
0,0,0,0,0,NaN
0,0,0,0,0,NaN
0,0,0,0,0,NaN
0,0,0,0,0,NaN
0,0,0,0,0,NaN
0,0,0,0,0,NaN
0,0,0,0,0,NaN
0,0,0,0,0,NaN
0,0,0,0,0,NaN
0,0,0,0,0,NaN
0,0,0,0,0,NaN
0,0,0,0,0,NaN
0,0,0,0,0,NaN
0,0,0,0,0,NaN
0,0,0,0,0,NaN
0,0,0,0,0,NaN
0,0,0,0,0,NaN
0,0,0,0,0,NaN
0,0,0,0,0,NaN
0,0,0,0,0,NaN
0,0,0,0,0,NaN
0,0,0,0,0,NaN
0,0,0,0,0,NaN
0,0,0,0,0,NaN
0,0,0,0,0,NaN
0,0,0,0,0,NaN
0,0,0,0,0,NaN
0,0,0,0,0,NaN
0,0,0,0,0,NaN
0,0,0,0,0,NaN
0,0,0,0,0,NaN
0,0,0,0,0,NaN
0,0,0,0,0,NaN
0,0,0,0,0,NaN
0,0,0,0,0,NaN
0,0,0,0,0,NaN
0,0,0,0,0,NaN
0,0,0,0,0,NaN
0,0,0,0,0,NaN
0,0,0,0,0,NaN
0,0,0,0,0,NaN
0,0,0,0,0,NaN
0,0,0,0,0,NaN
0,0,0,0,0,NaN
0,0,0,0,0,NaN
0,0,0,0,0,NaN
0,0,0,0,0,NaN
0,0,0,0,0,NaN
0,0,0,0,0,NaN
0,0,0,0,0,NaN
0,0,0,0,0,NaN
0,0,0,0,0,NaN
0,0,0,0,0,NaN
0,0,0,0,0,NaN
0,0,0,0,0,NaN
0,0,0,0,0,NaN
0,0,0,0,0,NaN
0,0,0,0,0,NaN
0,0,0,0,0,NaN
0,0,0,0,0,NaN
0,0,0,0,0,NaN
0,0,0,0,0,NaN
0,0,0,0,0,NaN
0,0,0,0,0,NaN
0,0,0,0,0,NaN
0,0,0,0,0,NaN
0,0,0,0,0,NaN
0,0,0,0,0,NaN
0,0,0,0,0,NaN
0,0,0,0,0,NaN
-1.801,0,-2.0199,0,-84.379,0
1.0392,1.0392,-1.0392,45.003,0,125.27
0.00018763,0,0.0019752,0,-84.369,0
4.1633e-017,4.1633e-017,-4.1633e-017,45.003,0,125.27
0.00016846,0,0.0019825,0,-84.358,0
0,-2.7756e-017,2.7756e-017,-45.003,125.27,0
0.0001491,0,0.0019892,0,-84.349,0
1.3878e-017,0,0,-45.003,125.27,0
0.00012954,0,0.0019954,0,-84.339,0
0,1.3878e-017,-1.3878e-017,45.003,0,125.27
0.0001098,0,0.0020009,0,-84.331,0
-1.3878e-017,-2.7756e-017,2.7756e-017,-45.003,125.27,0
8.9905e-005,0,0.002006,0,-84.323,0
4.1633e-017,1.3878e-017,-1.3878e-017,-45.003,125.27,0
6.9869e-005,0,0.0020104,0,-84.315,0
0,0,0,-45.003,125.27,0
4.9708e-005,0,0.0020142,0,-84.308,0
1.3878e-017,1.3878e-017,-1.3878e-017,45.003,0,125.27
2.9442e-005,0,0.0020175,0,-84.301,0
-2.7756e-017,-2.7756e-017,2.7756e-017,-45.003,125.27,0
9.0862e-006,0,4.002,0,84.296,0
2.7756e-017,0,0,-45.003,125.27,0
-9.1057e-006,0,-4.002,0,-84.301,0
2.7756e-017,1.3878e-017,-1.3878e-017,-45.003,125.27,0
9.1045e-006,0,4.002,0,84.296,0
-4.1633e-017,-4.1633e-017,4.1633e-017,-45.003,125.27,0
-9.1241e-006,0,-4.002,0,-84.301,0
1.3878e-017,1.3878e-017,-1.3878e-017,45.003,0,125.27
9.123e-006,0,4.002,0,84.296,0
0,0,0,45.003,0,125.27
-9.1427e-006,0,-4.002,0,-84.301,0
1.3878e-017,0,0,45.003,0,125.27
9.1415e-006,0,4.002,0,84.296,0
2.7756e-017,-1.3878e-017,1.3878e-017,-45.003,125.27,0
-9.1613e-006,0,-4.002,0,-84.301,0
-1.3878e-017,2.7756e-017,-2.7756e-017,-45.003,125.27,0
9.1601e-006,0,4.002,0,84.296,0
2.7756e-017,-1.3878e-017,1.3878e-017,45.003,0,125.27
-9.18e-006,0,-4.002,0,-84.301,0
-1.3878e-017,-2.7756e-017,2.7756e-017,-45.003,125.27,0
9.1788e-006,0,4.002,0,84.296,0
0,0,0,-45.003,125.27,0
-9.1988e-006,0,-4.002,0,-84.301,0
2.7756e-017,1.3878e-017,-1.3878e-017,-45.003,125.27,0
9.1975e-006,0,4.002,0,84.296,0
-1.3878e-017,-2.7756e-017,2.7756e-017,45.003,0,125.27
-9.2176e-006,0,-4.002,0,-84.301,0
2.7756e-017,0,0,45.003,0,125.27
9.2163e-006,0,4.002,0,84.296,0
-1.3878e-017,1.3878e-017,-1.3878e-017,-45.003,125.27,0
-9.2366e-006,0,-4.0021,0,-84.301,0
2.7756e-017,0,0,-45.003,125.27,0
9.2352e-006,0,4.0021,0,84.296,0
1.3878e-017,0,0,-45.003,125.27,0
-9.2556e-006,0,-4.0021,0,-84.301,0
0,-1.3878e-017,1.3878e-017,45.003,0,125.27
9.2542e-006,0,4.0021,0,84.296,0
-1.3878e-017,0,0,45.003,0,125.27
-9.2747e-006,0,-4.0021,0,-84.301,0
0,0,0,45.003,0,125.27
9.2733e-006,0,4.0021,0,84.296,0
1.3878e-017,0,0,45.003,0,125.27
-9.2938e-006,0,-4.0021,0,-84.301,0
2.7756e-017,-1.3878e-017,1.3878e-017,45.003,0,125.27
9.2924e-006,0,4.0021,0,84.296,0
-1.3878e-017,0,0,45.003,0,125.27
-9.3131e-006,0,-4.0021,0,-84.301,0
2.7756e-017,1.3878e-017,-1.3878e-017,45.003,0,125.27
9.3116e-006,0,4.0021,0,84.296,0
-1.3878e-017,0,0,45.003,0,125.27
-9.3324e-006,0,-4.0021,0,-84.301,0
2.7756e-017,0,0,45.003,0,125.27
9.3309e-006,0,4.0021,0,84.296,0
0,-2.7756e-017,2.7756e-017,-45.003,125.27,0
-9.3518e-006,0,-4.0021,0,-84.301,0
-1.3878e-017,1.3878e-017,-1.3878e-017,45.003,0,125.27
9.3503e-006,0,4.0021,0,84.296,0
2.7756e-017,0,0,45.003,0,125.27
-9.3713e-006,0,-4.0021,0,-84.301,0
-1.3878e-017,-2.7756e-017,2.7756e-017,45.003,0,125.27
9.3697e-006,0,4.0021,0,84.296,0
2.7756e-017,1.3878e-017,-1.3878e-017,-45.003,125.27,0
-9.3908e-006,0,-4.0021,0,-84.301,0
0,0,0,-45.003,125.27,0
9.3893e-006,0,4.0021,0,84.296,0
-1.3878e-017,-2.7756e-017,2.7756e-017,45.003,0,125.27
-9.4105e-006,0,-4.0021,0,-84.301,0
4.1633e-017,1.3878e-017,-1.3878e-017,45.003,0,125.27
9.4089e-006,0,4.0021,0,84.296,0
-2.7756e-017,0,0,45.003,0,125.27
-9.4302e-006,0,-4.0021,0,-84.301,0
2.7756e-017,-1.3878e-017,1.3878e-017,45.003,0,125.27
9.4286e-006,0,4.0021,0,84.296,0
1.3878e-017,0,0,45.003,0,125.27
-9.45e-006,0,-4.0021,0,-84.301,0
0,0,0,45.003,0,125.27
9.4484e-006,0,4.0021,0,84.296,0
1.3878e-017,1.3878e-017,-1.3878e-017,45.003,0,125.27
-9.4699e-006,0,-4.0021,0,-84.301,0
-2.7756e-017,-2.7756e-017,2.7756e-017,-45.003,125.27,0
9.4682e-006,0,4.0021,0,84.296,0
2.7756e-017,0,0,-45.003,125.27,0
-0.0099256,0,-2.199,0,-47.859,0
0,2.2204e-016,0,-45.003,125.27,0
0.0018924,0,0.019931,0,-47.572,0
-2.2204e-016,-2.2204e-016,2.2204e-016,45.003,0,125.27
0.0017118,0,0.020188,0,-47.282,0
0,2.2204e-016,-2.2204e-016,-45.003,125.27,0
0.001524,0,0.020445,0,-46.988,0
-2.2204e-016,0,0,-45.003,125.27,0
0.0013286,0,0.020702,0,-46.691,0
2.2204e-016,0,0,-45.003,125.27,0
0.0011256,0,0.020958,0,-46.39,0
0,0,0,-45.003,125.27,0
0.00091491,0,0.021213,0,-46.086,0
0,2.2204e-016,-2.2204e-016,45.003,0,125.27
0.00069631,0,0.021467,0,-45.778,0
-4.4409e-016,0,0,45.003,0,125.27
0.00046973,0,0.021719,0,-45.467,0
0,0,0,45.003,0,125.27
0.00023509,0,0.021969,0,-45.153,0
0,0,0,45.003,0,125.27
-7.7023e-006,0,4.0222,0,45.172,0
0,0,0,45.003,0,125.27
6.3871e-006,0,-4.0225,0,-45.156,0
-2.2204e-016,0,0,45.003,0,125.27
-7.9095e-006,0,4.0227,0,45.176,0
0,0,0,45.003,0,125.27
6.5002e-006,0,-4.023,0,-45.16,0
0,0,0,45.003,0,125.27
-8.1287e-006,0,4.0233,0,45.18,0
-2.2204e-016,2.2204e-016,-2.2204e-016,-45.003,125.27,0
6.6161e-006,0,-4.0235,0,-45.164,0
-2.2204e-016,0,0,-45.003,125.27,0
-8.3609e-006,0,4.0238,0,45.184,0
0,0,0,-45.003,125.27,0
6.7348e-006,0,-4.0241,0,-45.168,0
2.2204e-016,2.2204e-016,-2.2204e-016,45.003,0,125.27
-8.6074e-006,0,4.0244,0,45.188,0
0,-2.2204e-016,2.2204e-016,-45.003,125.27,0
6.8563e-006,0,-4.0247,0,-45.172,0
-2.2204e-016,0,0,-45.003,125.27,0
-8.8695e-006,0,4.025,0,45.192,0
-2.2204e-016,0,0,-45.003,125.27,0
6.9805e-006,0,-4.0253,0,-45.177,0
2.2204e-016,2.2204e-016,-2.2204e-016,45.003,0,125.27
-9.1488e-006,0,4.0256,0,45.197,0
-2.2204e-016,0,0,45.003,0,125.27
7.107e-006,0,-4.026,0,-45.181,0
0,0,0,45.003,0,125.27
-9.4471e-006,0,4.0263,0,45.202,0
0,0,0,45.003,0,125.27
7.2358e-006,0,-4.0267,0,-45.186,0
0,0,0,45.003,0,125.27
-9.7663e-006,0,4.027,0,45.207,0
-2.2204e-016,0,0,45.003,0,125.27
7.3664e-006,0,-4.0274,0,-45.192,0
0,0,0,45.003,0,125.27
-1.0109e-005,0,4.0278,0,45.213,0
0,2.2204e-016,-2.2204e-016,-45.003,125.27,0
7.4985e-006,0,-4.0282,0,-45.197,0
-2.2204e-016,-2.2204e-016,2.2204e-016,45.003,0,125.27
-1.0477e-005,0,4.0286,0,45.218,0
0,2.2204e-016,-2.2204e-016,-45.003,125.27,0
7.6313e-006,0,-4.029,0,-45.203,0
0,2.2204e-016,-2.2204e-016,45.003,0,125.27
-1.0875e-005,0,4.0294,0,45.225,0
-2.2204e-016,-2.2204e-016,2.2204e-016,-45.003,125.27,0
7.7642e-006,0,-4.0298,0,-45.21,0
0,0,0,-45.003,125.27,0
-1.1305e-005,0,4.0303,0,45.231,0
0,0,0,-45.003,125.27,0
7.8961e-006,0,-4.0308,0,-45.216,0
-2.2204e-016,2.2204e-016,-2.2204e-016,45.003,0,125.27
-1.1772e-005,0,4.0312,0,45.238,0
0,0,0,45.003,0,125.27
8.0257e-006,0,-4.0317,0,-45.223,0
0,0,0,45.003,0,125.27
-1.228e-005,0,4.0322,0,45.245,0
-2.2204e-016,0,0,45.003,0,125.27
8.1513e-006,0,-4.0328,0,-45.231,0
0,2.2204e-016,-2.2204e-016,45.003,0,125.27
-1.2836e-005,0,4.0333,0,45.253,0
-2.2204e-016,0,0,45.003,0,125.27
8.2707e-006,0,-4.0339,0,-45.239,0
2.2204e-016,0,0,45.003,0,125.27
-1.3446e-005,0,4.0345,0,45.261,0
2.2204e-016,-2.2204e-016,2.2204e-016,45.003,0,125.27
8.3811e-006,0,-4.0351,0,-45.248,0
-2.2204e-016,0,0,45.003,0,125.27
-1.4118e-005,0,4.0357,0,45.27,0
-2.2204e-016,2.2204e-016,-2.2204e-016,45.003,0,125.27
8.479e-006,0,-4.0363,0,-45.257,0
2.2204e-016,0,0,45.003,0,125.27
-1.4863e-005,0,4.037,0,45.28,0
2.2204e-016,0,0,45.003,0,125.27
8.5594e-006,0,-4.0377,0,-45.267,0
-2.2204e-016,0,0,45.003,0,125.27
-1.5693e-005,0,4.0384,0,45.29,0
0,0,0,45.003,0,125.27
8.6164e-006,0,-4.0392,0,-45.278,0
-4.4409e-016,-2.2204e-016,2.2204e-016,45.003,0,125.27
-1.6621e-005,0,4.04,0,45.302,0
4.4409e-016,2.2204e-016,-2.2204e-016,45.003,0,125.27
-1.005,0,-0.19901,0,-11.311,0
-Inf,-Inf,Inf,NaN,NaN,0
0.01005,0,-0.0010049,0,-11.256,0
NaN,NaN,NaN,NaN,NaN,0
0.010307,0,-0.0010253,0,-11.2,0
NaN,NaN,NaN,NaN,NaN,0
0.010574,0,-0.0010464,0,-11.144,0
NaN,NaN,NaN,NaN,NaN,0
0.010852,0,-0.0010682,0,-11.087,0
NaN,NaN,NaN,NaN,NaN,0
0.011142,0,-0.0010909,0,-11.029,0
NaN,NaN,NaN,NaN,NaN,0
0.011445,0,-0.0011144,0,-10.971,0
NaN,NaN,NaN,NaN,NaN,0
0.011761,0,-0.0011389,0,-10.912,0
NaN,NaN,NaN,NaN,NaN,0
0.012091,0,-0.0011642,0,-10.853,0
NaN,NaN,NaN,NaN,NaN,0
0.012436,0,-0.0011906,0,-10.793,0
NaN,NaN,NaN,NaN,NaN,0
0.012797,0,-0.0012181,0,-10.732,0
NaN,NaN,NaN,NaN,NaN,0
0.013176,0,-0.0012466,0,-10.67,0
NaN,NaN,NaN,NaN,NaN,0
0.013573,0,-0.0012764,0,-10.608,0
NaN,NaN,NaN,NaN,NaN,0
0.013989,0,-0.0013075,0,-10.544,0
NaN,NaN,NaN,NaN,NaN,0
0.014425,0,-0.0013398,0,-10.48,0
NaN,NaN,NaN,NaN,NaN,0
0.014884,0,-0.0013737,0,-10.415,0
NaN,NaN,NaN,NaN,NaN,0
0.015367,0,-0.001409,0,-10.35,0
NaN,NaN,NaN,NaN,NaN,0
0.015875,0,-0.0014459,0,-10.283,0
NaN,NaN,NaN,NaN,NaN,0
0.016411,0,-0.0014846,0,-10.216,0
NaN,NaN,NaN,NaN,NaN,0
0.016976,0,-0.0015251,0,-10.147,0
NaN,NaN,NaN,NaN,NaN,0
0.017573,0,-0.0015677,0,-10.078,0
NaN,NaN,NaN,NaN,NaN,0
0.018204,0,-0.0016123,0,-10.007,0
NaN,NaN,NaN,NaN,NaN,0
0.018872,0,-0.0016592,0,-9.9355,0
NaN,NaN,NaN,NaN,NaN,0
0.01958,0,-0.0017085,0,-9.8629,0
NaN,NaN,NaN,NaN,NaN,0
0.020332,0,-0.0017604,0,-9.7891,0
NaN,NaN,NaN,NaN,NaN,0
0.021131,0,-0.0018152,0,-9.7141,0
NaN,NaN,NaN,NaN,NaN,0
0.021981,0,-0.001873,0,-9.6379,0
NaN,NaN,NaN,NaN,NaN,0
0.022887,0,-0.0019341,0,-9.5605,0
NaN,NaN,NaN,NaN,NaN,0
0.023854,0,-0.0019988,0,-9.4816,0
NaN,NaN,NaN,NaN,NaN,0
0.024888,0,-0.0020674,0,-9.4015,0
NaN,NaN,NaN,NaN,NaN,0
0.025995,0,-0.0021402,0,-9.3198,0
NaN,NaN,NaN,NaN,NaN,0
0.027184,0,-0.0022176,0,-9.2367,0
NaN,NaN,NaN,NaN,NaN,0
0.028461,0,-0.0023,0,-9.1519,0
NaN,NaN,NaN,NaN,NaN,0
0.029837,0,-0.0023879,0,-9.0655,0
NaN,NaN,NaN,NaN,NaN,0
0.031323,0,-0.0024818,0,-8.9774,0
NaN,NaN,NaN,NaN,NaN,0
0.03293,0,-0.0025824,0,-8.8874,0
NaN,NaN,NaN,NaN,NaN,0
0.034673,0,-0.0026904,0,-8.7956,0
NaN,NaN,NaN,NaN,NaN,0
0.036568,0,-0.0028065,0,-8.7016,0
NaN,NaN,NaN,NaN,NaN,0
0.038633,0,-0.0029316,0,-8.6056,0
NaN,NaN,NaN,NaN,NaN,0
0.040892,0,-0.0030668,0,-8.5073,0
NaN,NaN,NaN,NaN,NaN,0
0.043368,0,-0.0032133,0,-8.4066,0
NaN,NaN,NaN,NaN,NaN,0
0.046093,0,-0.0033724,0,-8.3034,0
NaN,NaN,NaN,NaN,NaN,0
0.049102,0,-0.0035458,0,-8.1974,0
NaN,NaN,NaN,NaN,NaN,0
0.052436,0,-0.0037354,0,-8.0886,0
NaN,NaN,NaN,NaN,NaN,0
0.056147,0,-0.0039435,0,-7.9767,0
NaN,NaN,NaN,NaN,NaN,0
0.060295,0,-0.0041726,0,-7.8615,0
NaN,NaN,NaN,NaN,NaN,0
0.064954,0,-0.004426,0,-7.7428,0
NaN,NaN,NaN,NaN,NaN,0
0.070215,0,-0.0047074,0,-7.6202,0
NaN,NaN,NaN,NaN,NaN,0
0.076189,0,-0.0050217,0,-7.4935,0
NaN,NaN,NaN,NaN,NaN,0
0.083016,0,-0.0053744,0,-7.3623,0
NaN,NaN,NaN,NaN,NaN,0
0.090872,0,-0.0057726,0,-7.2261,0
NaN,NaN,NaN,NaN,NaN,0
